
60000 8190
60023 8191
60047 8191
60067 8190
60091 8190
60114 8191
60138 8190
60158 8190
60178 8190
60203 8190
60226 300
60250 1243
60273 8191
60296 8190
60319 8191
60343 8190
60367 8190
60390 8191
60413 8191
60434 8190
60457 8190
60481 8191
60505 8190
60528 8191
60552 8191
60575 8191
60599 8191
60622 8191
60646 1173
60669 8191
60693 748
60717 8191
60737 8190
60761 564
60784 8190
60808 8191
60831 8191
60855 8191
60879 8190
60903 1494
60922 8190
60943 8190
60966 8191
60990 8190
61014 8190
61038 1775
61061 8191
61081 8190
61105 8191
61128 8191
61151 8191
61175 8190
61199 8190
61218 8190
61242 8191
61265 1582
61290 8191
61314 8190
61337 8191
61360 8191
61384 968
61404 8190
61424 8190
61445 8190
61467 8191
61491 8190
61515 8190
61539 8191
61562 8190
61586 8190
61609 8191
61633 8191
61657 8191
61679 8191
61703 8191
61726 8190
61750 8191
61770 8190
61790 8190
61810 8190
61834 8191
61857 8191
61880 8191
61903 8191
61927 1979
61952 8190
61975 8191
61998 8191
62021 8191
62045 8191
62065 8190
62085 8190
62109 8190
62129 8190
62152 8190
62177 8191
62199 8191
62224 8190
62247 8190
62271 816
62295 1426
62318 8190
62342 8191
62364 8191
62388 8191
62411 8191
62435 8191
62458 8190
62479 8190
62502 8190
62523 8190
62546 8191
62570 8191
62594 8191
62616 8191
62641 8190
62664 8191
62688 8191
62710 8191
62734 8191
62754 8190
62778 8190
62801 8191
62825 8191
62848 8191
62871 8191
62895 8191
62915 8190
62938 8191
62961 1316
62982 8190
63005 8191
63030 1922
63052 8191
63077 8191
63096 8190
63120 8190
63144 8191
63168 1136
63192 8190
63215 8190
63239 1379
63263 1205
63286 8191
63310 8190
63334 1196
63357 8191
63382 8191
63406 8191
63429 8191
63453 2002
63476 8190
63500 8191
63523 8191
63548 1575
63570 8191
63595 8190
63618 8191
63642 8191
63666 8190
63689 8190
63713 8190
63736 2032
63760 514
63783 533
63807 8191
63831 8191
63854 1606
63878 8191
63901 8191
63925 8191
63948 8191
63972 8190
63995 8191
64019 8190
64039 8190
64063 8191
64087 350
64110 8191
64133 8191
64156 8191
64180 923
64203 8191
64227 8191
64249 8191
64274 8190
64297 8190
64321 8191
64340 8190
64364 8191
64388 8191
64411 8191
64434 8191
64454 8190
64478 8190
64501 8190
64525 8191
64548 1557
64569 8190
64589 8190
64613 8191
64632 8190
64653 8190
64676 8191
64700 1973
64720 8190
64744 8190
64768 8191
64791 8190
64811 8190
64834 8191
64858 8191
64881 8191
64905 8191
64928 8190
64949 8190
64972 8191
64996 8191
65019 1465
65043 8190
65063 8190
65087 8190
65111 8190
65134 8190
65158 8191
65181 557
65206 8190
65229 555
65252 8191
65276 1328
65300 1830
65324 8190
65347 950
65368 8190
65391 8190
65415 8190
65439 1250
65462 8191
65485 8191
65510 8190
65532 8191
65557 8190
65581 8190
65604 8191
65627 8191
65650 8191
65671 8190
65694 8191
65714 8190
65738 8191
65758 8190
65781 8191
65805 8191
65828 855
65849 8190
65872 8191
65896 8190
65916 8190
65939 8191
65964 8190
65983 8190
66007 8191
66030 8191
66051 8190
66074 519
66098 8191
66121 8191
66144 8191
66164 8190
66188 8191
66211 8191
66231 8190
66251 8190
66275 8190
66298 8190
66322 8191
66345 8190
66366 8190
66386 8190
66407 8190
66430 8190
66454 8191
66475 8190
66494 8190
66518 8191
66541 8191
66565 1335
66588 8191
66608 8190
66631 8191
66655 8190
66675 8190
66699 8191
66722 8190
66746 8191
66769 8191
66793 8191
66817 8191
66840 2080
66864 8190
66887 8190
66911 8190
66931 8190
66955 8191
66975 8190
66999 8191
67022 1955
67046 1760
67066 8190
67087 8190
67110 8191
67134 8190
67158 8191
67181 8191
67205 8191
67228 8191
67252 1717
67275 8190
67299 8191
67318 8190
67339 8190
67362 8191
67383 8190
67405 8191
67426 8190
67449 8190
67473 768
67497 8190
67521 8191
67545 8190
67565 8190
67588 8191
67612 8191
67635 8190
67658 8191
67682 8191
67702 8190
67725 8191
67748 8191
67772 8191
67795 8190
67819 8191
67843 8191
67866 8191
67890 1952
67914 1263
67937 8191
67960 8191
67984 8191
68004 8190
68027 8191
68047 8190
68071 8190
68094 8190
68115 8190
68135 8190
68159 8190
68183 8191
68205 8191
68230 8190
68252 8191
68277 1810
68299 8191
68323 8191
68346 2131
68370 8191
68393 8190
68417 8191
68441 8191
68464 8191
68484 8190
68508 8191
68532 1983
68555 8191
68578 8191
68601 8191
68625 8190
68648 786
68672 8191
68696 8191
68719 8191
68743 8191
68767 8190
68790 8191
68813 8191
68834 8190
68857 8191
68878 8190
68901 8190
68922 8190
68941 8190
68965 8191
68988 8190
69012 8191
69032 8190
69056 8191
69080 8190
69103 8191
69127 2139
69150 8190
69171 8190
69194 8191
69217 8191
69237 8190
69261 8191
69284 8190
69308 8191
69327 8190
69348 8190
69371 8191
69395 8190
69419 8191
69442 8190
69466 8191
69489 8191
69513 77
69532 8190
69557 8190
69579 8190
69604 8191
69627 8190
69651 8190
69675 8191
69698 8191
69722 8190
69745 479
69769 8191
69791 8191
69816 8191
69838 8191
69862 8191
69885 8190
69909 8191
69933 8191
69956 8191
69980 1011
70000 8190
70023 8191
70046 8190
70070 8191
70093 8191
70117 8191
70140 8191
70164 8190
70184 8190
70208 8191
70232 8190
70255 8191
70279 1329
70303 0
70326 8191
70349 8191
70373 8191
70396 8190
70420 8191
70443 8191
70466 8191
70490 8190
70513 8191
70537 8191
70560 8191
70584 8190
70607 8191
70631 1347
70654 8191
70678 8191
70702 8191
70725 8190
70749 1513
70772 860
70796 8191
70819 8191
70843 8190
70867 8190
70891 8190
70915 8191
70934 8190
70958 1887
70981 8191
71005 8191
71028 8191
71051 8190
71075 1309
71095 8190
71115 8190
71136 8190
71155 8190
71176 8190
71199 8191
71223 8190
71246 8191
71270 8191
71293 8190
71313 8190
71337 8191
71357 8190
71377 8190
71401 8191
71420 8190
71441 8190
71464 8191
71488 8191
71508 8190
71528 8190
71552 8191
71572 8190
71596 8190
71619 8191
71644 8191
71666 8191
71687 8190
71707 8190
71730 8191
71754 8190
71778 8190
71798 8190
71818 8190
71841 8191
71866 8190
71889 8190
71913 622
71937 8190
71957 8190
71981 8190
72004 8191
72028 1113
72051 8191
72075 8190
72098 517
72122 8191
72145 8190
72169 8191
72194 1564
72213 8190
72237 461
72261 8190
72281 8190
72301 8190
72325 8191
72347 8191
72371 8191
72394 8190
72419 165
72441 8191
72466 2257
72488 8191
72512 8191
72536 8191
72559 8191
72582 8191
72602 8190
72626 8190
72649 8191
72673 8190
72696 8191
72720 8191
72743 8191
72767 8191
72790 8191
72814 8190
72838 8190
72861 8191
72885 8190
72905 8190
72925 8190
72945 8190
72966 8190
72985 8190
73009 8190
73033 815
73057 8191
73080 8190
73104 8190
73124 8190
73145 8190
73168 8190
73192 328
73216 8191
73239 8190
73263 8191
73286 8190
73310 8191
73333 8191
73357 8191
73377 8190
73401 8190
73424 8190
73448 8190
73473 8191
73496 8190
73520 8191
73543 1379
73567 1404
73587 8190
73611 8191
73634 1862
73658 8191
73678 8190
73699 8190
73721 8191
73745 8191
73768 8190
73793 8191
73817 8190
73840 8190
73864 8191
73886 8191
73910 8191
73933 8191
73957 8190
73979 8191
74004 0
74027 8191
74050 8191
74074 8191
74097 8190
74122 8191
74145 726
74169 8191
74192 8191
74216 8190
74240 8191
74263 8190
74287 8191
74310 0
74334 8191
74358 8191
74381 8191
74405 937
74428 8190
74451 8191
74475 8191
74499 8191
74522 8191
74543 8190
74566 8191
74590 8191
74613 8190
74636 8191
74660 8190
74680 8190
74703 8191
74724 8190
74747 8191
74770 8191
74795 8190
74817 8191
74842 8191
74865 8190
74889 8191
74912 8191
74932 8190
74956 8190
74979 8191
75003 2231
75027 8190
75051 8190
75071 8190
75095 8191
75114 8190
75138 8191
75161 8190
75186 8190
75209 8190
75230 8190
75252 8191
75276 8191
75299 8191
75323 8191
75346 8191
75370 8191
75394 8191
75417 248
75441 8191
75461 8190
75485 8191
75508 8190
75532 8191
75554 8191
75578 8191
75601 8191
75625 8191
75648 8191
75672 8190
75696 8190
75716 8190
75740 689
75759 8190
75783 8191
75806 8191
75830 1810
75850 8190
75874 8190
75897 8190
75921 8190
75945 8191
75968 8191
75993 8191
76016 8190
76040 1752
76063 8191
76087 8191
76109 8191
76133 8191
76153 8190
76176 8191
76196 8190
76217 8190
76240 8190
76264 8191
76288 8191
76307 8190
76331 8191
76354 480
76378 8191
76401 8191
76425 8191
76448 8191
76471 8191
76495 8190
76519 8190
76542 8191
76565 8191
76589 8191
76612 8191
76636 8190
76656 8190
76680 8190
76703 8190
76727 8190
76750 8191
76774 8190
76798 8190
76818 8190
76841 1411
76866 8190
76886 8190
76909 8191
76933 8191
76956 1590
76980 8190
77000 8190
77024 8191
77047 8191
77071 8191
77094 8191
77118 8191
77142 1814
77165 181
77189 8190
77209 8190
77230 8190
77252 8191
77276 8191
77296 8190
77320 391
77343 8190
77367 8191
77390 946
77414 8191
77437 8190
77461 8191
77485 8191
77508 8191
77531 8190
77554 8191
77578 8191
77601 8190
77625 8191
77649 8190
77672 8191
77696 8191
77719 1755
77744 8190
77767 8190
77790 8191
77813 8191
77834 8190
77857 1036
77881 8191
77901 8190
77924 8191
77947 8191
77971 8190
77995 8191
78015 8190
78039 8191
78058 8190
78082 8191
78105 8190
78129 8191
78149 8190
78172 8191
78195 8191
78219 8191
78242 1681
78266 8190
78289 8191
78313 8191
78333 8190
78356 8191
78380 8190
78404 8191
78424 8190
78448 8191
78471 8191
78495 8190
78519 1172
78542 8190
78563 8190
78582 8190
78606 8190
78630 8191
78650 8190
78674 8190
78698 1929
78722 1610
78742 8190
78766 8191
78789 8190
78813 8190
78836 8191
78860 8191
78879 8190
78904 8191
78926 8191
78947 8190
78970 8191
78994 8190
79013 8190
79037 8191
79057 8190
79081 8191
79104 8191
79128 2127
79152 463
79174 8191
79198 8191
79221 8191
79242 8190
79261 8190
79286 8190
79309 8191
79333 8190
79356 8190
79380 8191
79405 8190
79424 8190
79448 8191
79471 8190
79495 1229
79519 2115
79539 8190
79562 8191
79586 8190
79609 8191
79630 8190
79653 8191
79673 8190
79693 8190
79717 8190
79740 8191
79764 1142
79788 1266
79808 8190
79832 8190
79855 8190
79879 8191
79902 8191
79926 8191
79949 8190
79973 8191
79996 513
80020 1301
80044 8190
80067 8191
80091 8191
80110 8190
80135 8190
80154 8190
80178 8191
80198 8190
80222 8190
80245 8190
80269 8191
80292 8190
80315 8191
80335 8190
80359 8191
80382 1078
80406 8190
80430 8191
80453 8190
80474 8190
80497 8191
80521 8191
80541 8190
80561 8190
80584 8191
80608 8191
80631 8191
80655 8191
80678 8190
80702 8191
80721 8190
80742 8190
80762 8190
80786 8191
80809 8191
80833 8191
80852 8190
80876 8191
80900 8191
80923 8190
80947 8191
80970 8190
80994 8191
81017 1808
81041 8191
81063 8191
81087 8191
81107 8190
81131 8191
81155 8191
81178 8191
81201 8191
81224 8191
81248 8191
81272 8190
81292 8190
81315 8191
81339 291
81359 8190
81383 8190
81406 8191
81430 8190
81454 8191
81473 8190
81497 8191
81520 8191
81541 8190
81564 8191
81588 8190
81611 8191
81635 8191
81654 8190
81679 8191
81702 8190
81726 8190
81750 272
81773 8191
81794 8190
81817 1051
81840 8191
81860 8190
81881 8190
81904 8191
81928 8191
81951 1903
81975 8191
81998 8190
82023 8190
82045 8191
82069 8191
82093 987
82117 8190
82137 8190
82160 1463
82184 8191
82207 8191
82228 8190
82247 8190
82272 1410
82295 8190
82319 8191
82341 8191
82362 8190
82385 8191
82409 8190
82433 8191
82455 8191
82480 8190
82503 8190
82527 8191
82549 8191
82573 8191
82596 8191
82620 8191
82643 8191
82667 8190
82691 8191
82711 8190
82735 8191
82758 8190
82782 8191
82804 8191
82828 8191
82851 8191
82875 8190
82895 8190
82919 1664
82942 8191
82962 8190
82985 8191
83009 8191
83033 8191
83056 1956
83080 8190
83103 8191
83128 1619
83151 8190
83175 8191
83195 8190
83218 8191
83243 8190
83265 8191
83290 8190
83313 8190
83337 8191
83360 8191
83384 2111
83407 8191
83431 8190
83454 8190
83478 8191
83502 8190
83525 8191
83545 8190
83569 8190
83589 8190
83612 8191
83636 8191
83659 8190
83683 845
83706 8191
83727 8190
83746 8190
83770 8191
83793 1719
83817 8191
83841 8191
83864 8191
83887 8191
83907 8190
83928 8190
83947 8190
83968 8190
83991 8190
84016 1245
84039 8191
84063 8191
84086 8191
84110 8190
84130 8190
84150 8190
84173 8191
84194 8190
84216 8191
84241 8190
84263 8191
84287 8191
84311 8190
84334 8191
84358 8191
84382 8190
84405 8191
84428 8191
84449 8190
84472 8190
84496 8191
84519 8191
84543 8190
84567 8191
84586 8190
84610 8191
84633 8190
84657 2022
84681 8190
84701 8190
84724 1514
84745 8190
84765 8190
84789 8191
84812 8191
84832 8190
84856 8191
84880 1207
84903 1351
84927 8191
84947 8190
84971 8191
84995 1204
85018 8191
85041 8191
85064 8191
85088 653
85112 8191
85136 552
85155 8190
85176 8190
85199 8191
85223 8191
85246 8190
85270 8190
85294 8190
85318 8190
85341 8191
85364 8191
85385 8190
85407 8191
85432 8191
85455 8190
85476 8190
85499 8190
85523 8191
85545 8191
85569 8191
85593 8190
85616 8191
85637 8190
85660 8191
85684 8191
85706 8191
85730 8191
85753 8191
85778 8191
85800 8191
85824 8191
85848 8191
85871 8191
85894 8191
85914 8190
85938 8191
85961 8191
85985 8190
86004 8190
86028 8191
86048 8190
86072 8190
86095 8191
86119 8191
86142 8191
86167 8190
86187 8190
86210 8190
86234 8191
86257 8191
86281 8190
86304 8191
86328 8191
86351 8191
86375 8191
86398 8190
86422 8190
86447 8190
86469 8191
86494 8190
86513 8190
86537 8190
86561 8191
86584 8191
86607 8191
86628 8190
86651 8191
86672 8190
86695 735
86719 8191
86742 8191
86765 8191
86789 8190
86812 8191
86836 8191
86859 8191
86883 8190
86906 8191
86930 8191
86953 8191
86977 8191
86998 8190
87021 936
87045 8191
87068 8191
87092 8191
87112 8190
87135 8191
87159 8190
87182 8191
87206 8190
87226 8190
87249 8190
87273 8191
87297 8191
87320 8191
87343 8191
87363 8190
87387 8191
87407 8190
87431 8190
87454 8191
87474 8190
87497 8190
87522 8190
87545 8190
87566 8190
87588 8191
87612 8191
87635 8191
87659 1318
87684 8190
87707 1285
87731 8191
87753 8191
87777 8191
87800 8191
87824 8190
87844 8190
87868 8190
87891 8191
87915 8190
87936 8190
87958 8191
87983 712
88005 8191
88029 8191
88052 8191
88073 8190
88096 808
88120 8190
88143 8191
88167 8191
88190 8191
88213 8191
88237 8191
88260 1804
88285 8190
88307 8191
88332 1494
88355 8190
88378 8191
88398 8190
88422 8191
88445 8191
88469 381
88493 8191
88516 8190
88540 8191
88564 8190
88587 8191
88611 8191
88635 403
88658 8191
88681 8191
88706 8190
88728 8191
88749 8190
88772 8191
88792 8190
88812 8190
88836 1371
88859 8191
88883 8191
88906 8190
88927 8190
88949 8191
88970 8190
88993 8190
89018 8190
89040 8191
89064 8190
89084 8190
89108 8191
89132 8191
89155 8191
89176 8190
89199 8191
89223 8190
89246 8191
89270 8191
89293 8191
89317 8191
89340 491
89364 1430
89388 8191
89411 8190
89435 8190
89458 8191
89482 1512
89502 8190
89526 8190
89550 1297
89574 406
89597 8191
89620 8191
89644 8190
89667 8191
89691 8191
89711 8190
89735 8191
89755 8190
89778 8191
89801 8191
89825 8190
89848 8190
89873 8190
89895 8191
89920 8190
89944 8190
89967 8191
89991 8190
90014 8191
90038 8191
90057 8190
90081 8191
90101 8190
90125 8190
90148 8191
90172 8191
90195 8190
90220 1719
90244 8190
90266 8191
90287 8190
90307 8190
90331 8190
90354 8191
90378 8191
90401 1609
90425 8191
90445 8190
90465 8190
90485 8190
90509 8191
90532 8190
90556 8190
90579 8190
90603 8191
90627 8191
90650 8191
90671 8190
90694 8191
90717 8191
90741 8190
90765 8191
90788 8190
90812 8191
90834 8191
90859 1599
90882 8191
90905 8191
90929 8191
90952 8191
90975 8191
90999 1105
91022 8191
91046 140
91070 8190
91094 8191
91116 8191
91140 8191
91163 8190
91184 8190
91207 8191
91231 8191
91250 8190
91274 8191
91297 8191
91320 8191
91344 790
91367 8191
91392 1986
91415 8191
91439 8191
91461 8191
91482 8190
91505 8191
91526 8190
91549 8191
91573 8190
91596 8191
91619 8191
91643 8190
91667 2133
91691 8191
91714 8190
91738 8191
91761 8191
91781 8190
91801 8190
91825 8190
91845 8190
91869 2034
91892 8191
91913 8190
91936 8191
91960 8191
91982 8191
92003 8190
92026 8190
92050 8191
92073 8190
92098 1940
92121 8191
92145 1741
92168 8191
92188 8190
92209 8190
92228 8190
92252 1808
92275 8191
92299 8191
92322 8191
92346 8190
92369 8190
92392 8191
92417 8190
92436 8190
92460 8191
92483 8191
92504 8190
92523 8190
92544 8190
92567 8191
92591 8190
92614 8191
92635 8190
92658 8190
92682 8191
92705 8191
92729 8190
92752 2240
92777 8190
92801 73
92823 8191
92848 1319
92871 8190
92895 8191
92917 8190
92942 8190
92964 8191
92988 8191
93011 1083
93036 2060
93059 8191
93083 8190
93106 8191
93129 8191
93153 8191
93176 8191
93200 1946
93223 8191
93243 8190
93266 8191
93290 8191
93314 8191
93333 8190
93357 8191
93377 8190
93401 2090
93424 8190
93448 8190
93472 8191
93496 8190
93519 8190
93543 2094
93563 8190
93587 8191
93609 8191
93634 8190
93658 1559
93680 8191
93704 8191
93724 8190
93748 8191
93770 8191
93794 8191
93817 8191
93841 283
93864 992
93885 8190
93908 8190
93932 8190
93956 8191
93979 8191
94003 119
94026 8191
94050 8191
94073 1909
94097 8191
94119 8191
94144 8191
94163 8190
94187 8191
94211 8191
94234 996
94259 8191
94281 8191
94305 8191
94325 8190
94349 1652
94372 8191
94396 8191
94416 8190
94440 8190
94460 8190
94484 8190
94507 8191
94531 8190
94551 8190
94575 8191
94599 8190
94618 8190
94643 392
94666 8190
94690 1400
94713 8191
94737 8190
94760 8191
94784 8191
94808 8191
94828 8190
94852 8191
94875 8191
94896 8190
94919 995
94943 8191
94966 8191
94990 8190
95013 8191
95037 8191
95060 8191
95083 8191
95107 8191
95130 749
95154 8191
95174 8190
95197 8191
95221 8190
95245 8191
95265 8190
95289 8191
95312 8191
95335 8191
95358 8191
95382 8190
95406 8190
95428 8191
95452 8191
95472 8190
95496 8190
95519 8190
95543 8191
95566 8190
95590 8190
95610 8190
95634 1269
95657 8191
95681 8191
95705 953
95728 701
95752 8191
95775 8191
95799 8190
95822 8191
95842 8190
95865 8191
95889 8191
95912 1620
95936 8191
95960 8190
95984 8191
96007 8191
96031 8190
96055 8190
96075 8190
96098 8191
96121 8190
96142 8190
96165 8190
96190 761
96212 8191
96236 8191
96257 8190
96276 8190
96300 8191
96323 8191
96347 8191
96370 1571
96394 8191
96417 235
96441 2247
96464 8191
96488 8190
96512 8191
96535 1714
96559 8191
96582 8190
96606 8191
96628 8191
96652 8191
96675 8190
96696 8190
96719 8190
96743 8191
96766 8191
96786 8190
96809 8191
96833 1913
96857 8191
96880 8191
96904 8191
96926 8191
96950 8191
96973 8191
96997 8191
97020 8190
97041 8190
97063 8191
97084 8190
97107 8191
97131 1725
97155 8191
97178 8191
97199 8190
97222 8191
97246 8191
97269 8190
97293 8191
97316 8190
97340 8191
97363 8190
97383 8190
97403 8190
97427 8191
97452 8190
97474 8191
97499 8190
97521 8191
97545 8191
97568 8191
97589 8190
97612 8191
97632 8190
97656 8190
97680 8190
97703 2059
97727 8191
97751 8191
97774 8191
97794 8190
97817 8191
97841 8191
97864 8190
97888 8191
97911 8191
97932 8190
97954 8191
97978 8191
98001 8191
98022 8190
98041 8190
98066 969
98089 8190
98112 8191
98137 8190
98159 8191
98184 8190
98206 8191
98231 1022
98254 8190
98278 8190
98301 8191
98325 8190
98349 8191
98372 8190
98396 8191
98419 8190
98443 8191
98466 8191
98487 8190
98510 8191
98534 515
98557 8191
98581 8191
98605 8191
98628 8190
98652 8191
98675 1841
98699 8191
98719 8190
98743 8190
98763 8190
98784 8190
98807 8191
98831 8190
98851 8190
98875 450
98895 8190
98915 8190
98938 8191
98959 8190
98981 8191
99006 346
99030 8191
99053 714
99077 8191
99100 8190
99124 8191
99144 8190
99168 8190
99191 8191
99215 8190
99238 1524
99262 8190
99286 8191
99309 8191
99334 8191
99357 8190
99381 8191
99404 8190
99428 8190
99448 8190
99472 8190
99491 8190
99512 8190
99535 8191
99556 8190
99579 8191
99603 8190
99627 1609
99650 1804
99674 8191
99697 1821
99721 8191
99744 8191
99768 8191
99791 8191
99815 8191
99838 8191
99862 8190
99886 1427
99909 8191
99933 1093
99956 8191
99980 2250
100003 1674
100028 8191
100051 342
100075 8191
100094 8190
100118 8191
100142 8191
100165 8191
100189 8191
100212 8190
100236 8191
100259 8191
100283 8191
100303 8190
100327 8190
100346 8190
100371 1640
100395 8191
100418 8190
100442 8191
100465 8190
100486 8190
100509 8191
100533 8190
100556 8190
100581 8190
100604 1180
100628 1113
100652 8190
100672 8190
100696 8191
100719 8191
100743 8190
100766 1466
100790 2248
100813 8191
100837 8191
100860 8191
100884 8191
100908 8191
100928 8190
100952 924
100975 8190
100999 8191
101022 846
101046 8191
101069 8190
101093 8191
101113 8190
101133 8190
101156 8191
101180 8191
101203 8191
101224 8190
101248 8191
101271 481
101295 8191
101318 1198
101339 8190
101362 8191
101386 1888
101409 8191
101433 8190
101456 8191
101480 8191
101504 8191
101527 1560
101551 8191
101574 8191
101598 1542
101618 8190
101642 8190
101665 8191
101689 8191
101712 0
101735 8191
101758 8191
101783 8191
101807 8190
101830 8190
101854 8191
101874 8190
101897 8191
101921 1642
101945 1533
101968 8190
101992 8191
102016 8190
102039 8190
102064 8190
102086 8191
102110 8191
102130 8190
102154 8191
102178 8190
102202 8190
102221 8190
102245 8191
102268 8191
102292 8190
102316 8191
102339 762
102364 8190
102387 8190
102411 1319
102434 8190
102459 255
102481 8191
102506 8190
102530 8191
102553 8191
102577 8191
102600 8191
102621 8190
102644 8191
102668 8190
102691 8191
102715 8190
102735 8190
102759 8191
102781 8191
102806 8190
102830 1745
102853 8191
102877 8190
102900 1097
102924 1847
102944 8190
102968 8191
102991 8191
103015 8191
103037 8191
103061 8191
103085 8191
103108 8190
103132 8191
103155 8190
103179 8191
103202 8190
103226 8191
103249 1569
103273 8191
103293 8190
103314 8190
103337 8190
103361 584
103382 8190
103405 8190
103429 8191
103449 8190
103472 8191
103496 837
103520 8190
103543 8191
103563 8190
103587 8191
103611 2108
103634 8191
103658 8191
103682 8190
103701 8190
103721 8190
103745 8190
103766 8190
103789 8190
103814 8190
103837 8191
103858 8190
103880 8191
103905 869
103927 8191
103951 8191
103974 8191
103998 8190
104022 1413
104045 8191
104066 8190
104085 8190
104109 8191
104132 8191
104156 8191
104180 164
104204 951
104226 8191
104247 8190
104270 644
104294 8191
104314 8190
104338 8190
104361 8191
104385 8191
104409 8191
104432 8191
104456 8191
104479 8191
104503 8191
104526 8190
104551 8190
104574 1149
104598 8191
104622 8191
104645 8191
104669 990
104692 8191
104716 1614
104740 8190
104764 346
104787 8191
104811 8191
104834 8191
104858 8191
104882 1879
104902 8190
104926 8191
104949 8190
104970 8190
104993 8191
105017 8191
105041 1937
105065 1036
105089 8190
105112 1946
105137 1483
105156 8190
105180 8191
105203 8190
105224 8190
105247 258
105271 8191
105295 2171
105315 8190
105339 8190
105363 8191
105387 8191
105410 8191
105430 8190
105454 8191
105478 8191
105501 8191
105525 8191
105549 8190
105573 8190
105596 8191
105619 8190
105644 556
105667 317
105691 8191
105713 8191
105737 8191
105761 8190
105785 505
105808 631
105832 418
105856 1041
105879 8191
105900 8190
105923 8191
105947 8191
105970 8191
105994 8191
106017 2028
106041 8191
106063 8191
106088 8190
106110 8191
106134 8191
106159 981
106182 8190
106206 8191
106229 8191
106253 8190
106276 8191
106300 8191
106323 8191
106347 8191
106366 8190
106387 8190
106411 8190
106434 8191
106458 1508
106481 8191
106505 8190
106529 1869
106553 8190
106576 8191
106600 8191
106622 8191
106647 131
106671 8191
106694 8191
106714 8190
106734 8190
106758 8191
106778 8190
106801 8191
106824 8191
106848 8190
106871 8191
106892 8190
106915 8191
106939 8190
106962 8190
106986 8191
107010 8190
107033 8191
107057 8191
107080 8191
107104 8191
107126 8191
107147 8190
107170 8190
107194 8191
107217 8190
107238 8190
107261 8191
107282 8190
107305 1716
107330 8191
107350 8190
107374 2039
107398 8190
107421 8190
107445 8190
107468 8191
107489 8190
107512 8191
107536 8191
107556 8190
107579 8190
107603 8190
107627 8190
107651 8190
107674 8191
107697 8191
107721 2103
107744 8191
107768 8190
107792 8190
107812 8190
107835 8191
107859 1785
107879 8190
107904 8191
107927 8190
107951 8191
107974 8190
107998 8190
108021 8191
108045 8190
108068 8191
108092 8191
108115 8191
108139 8191
108160 8190
108183 8190
108207 8191
108229 8191
108250 8190
108273 8190
108294 8190
108317 8191
108342 8191
108361 8190
108382 8190
108405 8191
108429 8191
108452 8191
108476 8190
108499 819
108520 8190
108544 8190
108567 79
108592 8190
108615 8190
108639 8191
108661 8191
108686 1436
108709 2073
108733 8191
108756 8191
108780 8190
108801 8190
108824 8191
108848 8190
108871 8191
108891 8190
108914 8191
108938 8191
108961 197
108985 8191
109008 8190
109032 8191
109056 8191
109079 8190
109103 8191
109126 8191
109150 8191
109173 8191
109194 8190
109217 2013
109242 1690
109265 8190
109289 8190
109309 8190
109330 8190
109352 8191
109376 8191
109400 8191
109423 8190
109447 8191
109467 8190
109491 8191
109513 8191
109538 8191
109561 8190
109585 1347
109605 8190
109629 1157
109649 8190
109673 8190
109697 8190
109721 8190
109745 8190
109768 8191
109792 8191
109815 8191
109839 8191
109862 1649
109886 8191
109910 8191
109933 8191
109957 8191
109980 8191
110004 8191
110027 8191
110051 8190
110074 8191
110097 8191
110117 8190
110141 609
110166 8191
110188 8191
110212 8191
110235 8191
110259 8190
110282 8191
110306 8190
110329 8191
110353 8191
110376 8190
110400 8191
110420 8190
110441 8190
110464 8191
110488 8191
110511 8191
110534 8191
110558 8191
110581 8190
110605 8191
110628 8191
110652 8191
110675 8191
110698 8191
110722 8191
110745 8191
110769 8191
110792 8191
110816 8191
110840 8190
110864 8190
110883 8190
110904 8190
110927 8190
110952 1336
110976 8190
110996 8190
111020 735
111043 8190
111067 8190
111091 227
111114 8191
111134 8190
111155 8190
111178 1200
111199 8190
111222 8190
111246 8190
111269 1820
111293 8191
111313 8190
111333 8190
111357 1331
111380 8191
111404 8191
111428 8190
111451 8191
111475 8191
111495 8190
111519 1286
111542 8191
111566 8191
111586 8190
111610 8191
111630 8190
111653 8191
111677 8191
111700 8191
111724 8191
111744 8190
111768 458
111791 8191
111814 8191
111835 8190
111858 8190
111879 8190
111902 1265
111926 8191
111949 8191
111970 8190
111993 8191
112017 8191
112040 8190
112064 8191
112083 8190
112108 2233
112131 8191
112155 8190
112179 8190
112202 8191
112226 8190
112249 8190
112273 2013
112297 8190
112321 8191
112345 8191
112368 8190
112392 8191
112416 8191
112440 1332
112463 8191
112487 8190
112510 8191
112534 8190
112559 1465
112581 8191
112605 8191
112628 8191
112652 8191
112675 8190
112699 8191
112722 8190
112746 8191
112766 8190
112790 8190
112814 564
112837 8190
112861 8191
112884 8190
112908 8191
112931 8190
112955 8191
112979 1994
113003 8190
113027 8190
113047 8190
113071 8191
113094 1801
113118 1190
113141 8190
113166 486
113189 1229
113209 8190
113233 1131
113257 8191
113281 8190
113304 8191
113328 8191
113348 8190
113372 1276
113395 8190
113419 8191
113442 8190
113466 2113
113489 8191
113513 1823
113537 8191
113560 8191
113584 8190
113607 8190
113631 8191
113654 8191
113678 2075
113701 8191
113725 1626
113748 8191
113772 8191
113795 8191
113818 8191
113842 8191
113865 1006
113886 8190
113909 8191
113933 8191
113957 8190
113980 8191
114004 8191
114028 8191
114052 8191
114072 8190
114096 2075
114119 8191
114143 8190
114163 8190
114184 8190
114207 8191
114231 8191
114254 8191
114278 1739
114301 8191
114325 8190
114349 8191
114372 8191
114396 8191
114415 8190
114439 8191
114462 8191
114486 8190
114509 8191
114533 1485
114556 8191
114580 8191
114600 8190
114624 8190
114648 8191
114671 8191
114695 8190
114718 8191
114741 8191
114764 8191
114789 8190
114812 8190
114833 8190
114856 1285
114880 1142
114904 8191
114927 8191
114951 8190
114974 8190
114995 8190
115018 8191
115041 8191
115061 8190
115085 8190
115108 8191
115133 1182
115155 8191
115180 8190
115203 8191
115227 8191
115250 8191
115274 8190
115298 8190
115321 641
115345 597
115369 8190
115392 8191
115417 8190
115439 8191
115463 8191
115486 8191
115510 8190
115534 8190
115558 8191
115581 8190
115605 8190
115629 8191
115652 8191
115676 8191
115699 8191
115723 1548
115743 8190
115764 8190
115787 301
115811 8190
115831 8190
115855 1535
115878 8191
115899 8190
115922 8191
115946 8190
115970 8191
115993 216
116014 8190
116034 8190
116057 8191
116081 8190
116105 8190
116128 1523
116149 8190
116172 8191
116192 8190
116216 8191
116240 8191
116262 8191
116286 8191
116306 8190
116330 8190
116354 8191
116377 8191
116401 8190
116424 8191
116448 8190
116471 8191
116495 8191
116515 8190
116539 8191
116559 8190
116583 8191
116605 8191
116629 8191
116653 8191
116673 8190
116697 8191
116719 8191
116744 8191
116767 8190
116791 1275
116814 8191
116839 8191
116862 8190
116886 8190
116910 8191
116933 8190
116957 8191
116980 8190
117004 8191
117024 8190
117048 8191
117070 8191
117095 8190
117117 8191
117142 8190
117166 8191
117188 8191
117212 8191
117235 8191
117259 255
117282 8191
117306 8190
117329 1362
117354 8190
117378 894
117401 8191
117425 8191
117448 8191
117472 8190
117495 8190
117516 8190
117539 8191
117563 8191
117585 8191
117609 8191
117629 8190
117650 8190
117672 8191
117697 8190
117721 8191
117744 8191
117768 8191
117791 8191
117815 2027
117838 8190
117863 680
117886 2253
117906 8190
117926 8190
117950 136
117974 8191
117997 8191
118021 1444
118041 8190
118065 8191
118089 8190
118113 8190
118136 8190
118160 94
118183 8191
118208 8191
118227 8190
118251 8191
118275 8191
118298 8191
118322 8190
118345 8191
118369 8191
118392 8191
118415 8191
118439 8190
118462 8191
118486 8191
118509 1923
118530 8190
118553 8191
118577 8191
118600 8191
118624 1326
118647 8191
118670 8191
118694 1554
118714 8190
118738 239
118762 1640
118782 8190
118805 8191
118830 8190
118853 8190
118877 1799
118900 8191
118921 8190
118944 8191
118968 8190
118991 8191
119015 8191
119038 8191
119062 8191
119083 8190
119105 8191
119129 8191
119152 8190
119177 8190
119200 8191
119224 8190
119247 1934
119272 8191
119296 8191
119319 8190
119343 8191
119365 8191
119389 8191
119412 346
119437 8191
119460 978
119484 8191
119506 8191
119530 8191
119554 8191
119578 8191
119602 8191
119622 8190
119642 8190
119666 787
119686 8190
119709 8191
119733 8191
119753 8190
119777 8190
119800 8191
119824 8191
119847 8191
119871 8191
119894 8191
119917 8191
119942 8191
119965 1866
119989 8191
120012 8191
120036 8190
120059 8191
120083 8191
120103 8190
120127 8191
120146 8190
120171 8190
120194 8191
120218 8190
120238 8190
120262 8191
120286 8190
120309 8191
120332 8191
120355 8191
120380 17
120399 8190
120420 8190
120443 8190
120467 8191
120491 8191
120514 325
120538 8191
120561 1986
120585 8191
120605 8190
120629 531
120652 8191
120676 2051
120696 8190
120720 8191
120743 8191
120767 8190
120787 8190
120810 8191
120834 8191
120857 8190
120882 8190
120905 8190
120929 8191
120952 8191
120976 735
120999 286
121023 8191
121047 435
121071 8190
121091 8190
121111 8190
121132 8190
121155 8191
121179 8190
121199 8190
121222 8191
121246 1692
121270 8191
121292 8191
121317 8191
121339 8191
121363 8191
121387 8191
121410 1770
121431 8190
121454 8191
121478 8190
121502 588
121526 1268
121546 8190
121566 8190
121586 8190
121610 1390
121630 8190
121654 8191
121677 8191
121701 8191
121724 8191
121748 8191
121772 8191
121792 8190
121815 8191
121838 8191
121862 8191
121885 8191
121909 8191
121928 8190
121952 8191
121975 8191
121996 8190
122015 8190
122039 8191
122062 8191
122086 8190
122109 8190
122133 8191
122158 8190
122180 8191
122205 8190
122228 8190
122252 8191
122274 8191
122295 8190
122318 8190
122339 8190
122362 8191
122386 8190
122409 8190
122433 8191
122458 8190
122481 8190
122505 8191
122524 8190
122549 8190
122572 8190
122596 8191
122618 8191
122643 8190
122665 8191
122689 8191
122713 8191
122736 8190
122761 8190
122780 8190
122805 2174
122828 8190
122852 8190
122875 8191
122899 8191
122921 8191
122946 1894
122966 8190
122989 8191
123013 8191
123036 8190
123061 8190
123083 8191
123107 8191
123130 8191
123151 8190
123174 8191
123195 8190
123218 8191
123242 8190
123262 8190
123286 8190
123310 8191
123333 8190
123354 8190
123376 8191
123401 8190
123424 8191
123448 8191
123471 8190
123495 8191
123514 8190
123538 8191
123561 8190
123585 8191
123609 8191
123632 8190
123657 1705
123680 0
123703 8191
123726 8191
123751 8191
123773 8191
123794 8190
123817 1585
123838 8190
123862 8191
123882 8190
123905 8191
123929 8190
123953 193
123973 8190
123997 8191
124020 8191
124044 8191
124067 8191
124088 8190
124108 8190
124132 1833
124155 8191
124179 8191
124203 8191
124226 8191
124250 8191
124273 8191
124297 8191
124317 8190
124340 8191
124363 8191
124387 8191
124410 588
124434 8191
124457 8191
124481 1882
124505 8191
124528 8191
124552 8190
124576 8190
124600 845
124623 8191
124646 8191
124670 402
124694 696
124718 8190
124741 8191
124766 8190
124789 901
124813 616
124836 858
124860 715
124880 8190
124904 8191
124929 8190
124952 8190
124976 8191
124999 8191
125023 8190
125046 603
125071 8191
125094 8190
125118 8191
125137 8190
125161 8191
125185 8191
125208 8191
125233 8190
125255 8191
125280 8190
125303 940
125327 8191
125350 8190
125371 8190
125394 8191
125415 8190
125438 1909
125462 8191
125486 8191
125506 8190
125526 8190
125549 8191
125570 8190
125593 1159
125617 8190
125640 8190
125664 8191
125684 8190
125708 8191
125731 802
125755 8191
125778 8191
125802 8191
125826 8191
125846 8190
125869 8191
125892 8191
125917 8191
125939 8191
125964 8190
125983 8190
126007 8191
126030 8191
126055 8190
126078 1783
126102 8191
126125 8191
126149 8191
126173 8191
126195 8191
126219 8191
126239 8190
126263 8191
126282 8190
126307 388
126326 8190
126350 8191
126373 8190
126397 8191
126420 8190
126445 8190
126469 8190
126492 8191
126516 8191
126539 8190
126563 8191
126585 8191
126610 8190
126633 739
126657 8191
126681 8191
126701 8190
126725 8190
126745 8190
126768 8191
126792 8190
126816 8190
126839 8190
126863 8191
126887 1054
126911 1020
126935 1328
126958 988
126983 8190
127006 8190
127030 1087
127053 1892
127078 8191
127101 8191
127125 8190
127149 8190
127173 8191
127197 8190
127220 8191
127244 8191
127267 8190
127291 8191
127313 8191
127334 8190
127357 8190
127381 8191
127405 8191
127428 8191
127452 8190
127472 8190
127496 8191
127519 8190
127543 8191
127563 8190
127587 8191
127610 8191
127634 1660
127657 8191
127681 8190
127700 8190
127721 8190
127741 8190
127765 8191
127789 8191
127811 8191
127836 8190
127858 8191
127882 8191
127906 1022
127930 8190
127953 8190
127977 1605
128001 8191
128024 8191
128048 8191
128070 8191
128095 0
128118 8191
128139 8190
128162 1955
128186 2070
128209 8191
128233 295
128257 8190
128277 8190
128301 8191
128324 8190
128348 8190
128372 8191
128395 8191
128419 8190
128443 8190
128463 8190
128486 8191
128510 8190
128534 8191
128557 8191
128581 8190
128604 8191
128628 8191
128652 8190
128672 8190
128695 8191
128718 8190
128742 8190
128765 8191
128789 8191
128813 8191
128836 8191
128860 8191
128880 8190
128903 8191
128927 8190
128951 8191
128973 8191
128994 8190
129017 8191
129041 8191
129063 8191
129088 2087
129107 8190
129132 8191
129156 8191
129179 8191
129203 8191
129225 8191
129249 8191
129272 8191
129296 168
129319 8190
129340 8190
129363 8191
129387 8191
129411 8191
129433 8191
129454 8190
129477 8190
129501 8191
129524 1207
129548 8191
129568 8190
129592 8191
129615 8191
129639 8191
129662 8190
129686 1460
129710 8191
129733 8191
129757 8190
129780 237
129804 8191
129827 8191
129851 8191
129875 8190
129899 8190
129920 8190
129943 8190
129967 8191
129990 8191
130014 8190
130034 8190
130055 8190
130078 8191
130102 8191
130122 8190
130146 8190
130169 8190
130193 8191
130216 8191
130240 8190
130264 8191
130288 8190
130308 8190
130332 8190
130356 8190
130379 8191
130403 8191
130426 8190
130450 170
130473 8191
130497 8191
130521 8191
130544 1121
130568 8191
130591 8191
130612 8190
130635 8191
130658 8191
130682 2002
130706 8191
130725 8190
130749 8191
130769 8190
130789 8190
130813 1161
130837 8191
130860 8191
130883 8191
130907 1288
130931 8190
130955 8191
130978 8190
131002 8190
131025 8191
131049 8191
131073 8190
131097 8190
131121 8190
131144 8191
131168 1013
131191 8191
131215 8190
131238 8191
131262 2081
131282 8190
131305 8191
131329 8191
131353 8191
131376 8191
131400 8191
131424 8191
131447 8191
131470 8191
131493 8191
131517 8190
131540 8191
131565 1872
131588 8191
131612 8190
131636 8190
131659 8191
131682 8191
131706 1414
131730 8190
131753 8191
131777 2240
131801 8191
131824 2245
131848 8191
131871 8191
131895 8191
131915 8190
131939 8191
131962 1338
131986 8191
132009 8191
132033 8191
132056 8191
132079 8191
132103 8191
132126 8190
132150 8191
132174 1250
132198 8191
132221 8190
132245 8190
132269 8191
132289 8190
132313 8191
132337 8191
132361 8191
132381 8190
132405 2182
132424 8190
132445 8190
132468 8191
132492 8191
132515 8191
132539 1563
132563 8190
132587 8190
132611 8191
132630 8190
132655 8190
132678 8190
132702 8191
132724 8191
132749 8190
132772 2179
132796 8190
132819 8191
132842 8191
132866 8191
132889 8191
132913 8191
132936 8190
132960 1501
132980 8190
133004 8191
133027 8191
133047 8190
133071 8190
133094 8191
133118 8191
133142 8191
133166 8190
133189 8191
133213 8190
133236 8191
133260 8191
133283 8190
133304 8190
133326 8191
133347 8190
133370 8191
133394 8191
133414 8190
133438 1039
133462 8190
133482 8190
133506 8191
133529 8191
133553 8191
133575 8191
133600 788
133619 8190
133643 8191
133666 1956
133690 8191
133713 8191
133737 8190
133761 8191
133784 8191
133805 8190
133828 1069
133852 8191
133875 8191
133899 8191
133922 8191
133946 8191
133966 8190
133990 8190
134013 8190
134037 8190
134061 8191
134084 8190
134109 1751
134128 8190
134152 8191
134172 8190
134196 8190
134219 8190
134244 8190
134267 608
134291 679
134315 8190
134335 8190
134359 8190
134382 8191
134405 8190
134429 1957
134453 8190
134476 8191
134500 8191
134523 8191
134547 8191
134569 8191
134594 8190
134618 1112
134641 8190
134665 8191
134688 8191
134709 8190
134732 842
134756 8191
134779 8190
134803 8190
134827 8191
134850 8191
134873 8191
134897 8191
134921 8191
134944 8191
134968 8190
134991 611
135015 8191
135038 8191
135062 8191
135086 1539
135109 8191
135133 8190
135156 8190
135177 8190
135200 1878
135224 8191
135248 1522
135272 8191
135296 8191
135318 8191
135343 1507
135366 1449
135387 8190
135409 8191
135433 8191
135456 8191
135477 8190
135500 8190
135521 8190
135544 8191
135568 8190
135591 8191
135612 8190
135635 8191
135659 8191
135683 8191
135706 8191
135730 8190
135754 1193
135774 8190
135797 8191
135821 8190
135845 8190
135869 8190
135892 8190
135916 8191
135941 8190
135964 8191
135988 1953
136011 8191
136032 8190
136052 8190
136076 8191
136099 8190
136123 8191
136146 1922
136170 1030
136194 8191
136218 8191
136241 8191
136261 8190
136285 8191
136305 8190
136329 1223
136352 8191
136376 8191
136399 8191
136423 8191
136443 8190
136467 158
136491 8190
136514 8191
136535 8190
136558 8191
136582 8190
136605 8190
136630 8191
136649 8190
136674 8191
136693 8190
136717 8191
136737 8190
136761 8190
136784 8191
136807 8191
136830 8191
136854 1683
136875 8190
136898 8191
136922 1844
136946 8190
136969 8191
136993 8190
137017 8191
137040 8191
137064 8191
137088 8191
137110 8191
137134 8191
137157 8191
137181 8191
137204 1587
137228 8191
137251 8191
137275 8191
137298 1788
137322 233
137346 8191
137369 8190
137393 8191
137417 8191
137441 8190
137464 8191
137487 8191
137511 8191
137531 8190
137555 8191
137575 8190
137598 8191
137619 8190
137643 8191
137666 8191
137690 176
137713 8190
137734 8190
137757 8190
137782 8191
137801 8190
137826 8190
137849 8191
137870 8190
137893 1072
137917 8190
137940 8190
137964 8191
137988 8191
138011 8191
138035 8191
138058 51
138082 8190
138105 1136
138130 8190
138149 8190
138173 8191
138196 8191
138217 8190
138241 8190
138261 8190
138280 8190
138304 8191
138328 8191
138351 8190
138375 781
138398 8191
138422 8190
138442 8190
138466 8190
138490 8190
138514 8190
138537 1265
138561 8191
138585 8191
138608 8191
138631 8191
138651 8190
138675 1011
138699 1734
138723 8190
138743 8190
138767 375
138787 8190
138810 8191
138833 8191
138857 8191
138881 8191
138904 8191
138928 8190
138951 8191
138975 8191
138998 8191
139022 8191
139045 8190
139069 8191
139092 8191
139116 8191
139140 8191
139163 8191
139187 8191
139210 8190
139234 8190
139257 8191
139281 8191
139303 8191
139324 8190
139347 2102
139372 1846
139396 8191
139419 8190
139443 8191
139462 8190
139483 8190
139506 8190
139530 8191
139553 8190
139578 815
139600 8191
139624 8191
139648 8191
139671 8190
139696 8190
139719 8190
139743 871
139766 8191
139790 1953
139813 8191
139837 8191
139860 8191
139884 8191
139908 8190
139932 8191
139956 8191
139978 8191
140003 8190
140025 8191
140050 8191
140073 8191
140097 8191
140121 8191
140144 8191
140168 8191
140191 733
140215 8191
140238 8191
140262 1605
140285 8190
140309 8191
140333 8191
140356 8191
140380 8191
140403 918
140424 8190
140447 8191
140471 8190
140494 8191
140518 8191
140541 8191
140561 8190
140585 8191
140609 8191
140628 8190
140653 8190
140673 8190
140696 8191
140720 8191
140744 8191
140764 8190
140784 8190
140808 8190
140831 8191
140855 8191
140879 8191
140903 1612
140926 2248
140950 8191
140975 1860
140997 8191
141022 8190
141045 8190
141069 8191
141092 8191
141116 249
141139 8191
141160 8190
141182 8191
141207 8190
141231 8190
141254 8191
141278 8191
141301 8191
141325 8191
141344 8190
141365 8190
141388 8191
141412 8191
141435 8191
141459 8190
141478 8190
141502 8191
141527 8190
141550 8190
141574 8191
141597 8190
141621 8190
141644 8191
141668 8190
141691 8191
141712 8190
141735 8191
141755 8190
141778 8191
141803 2
141827 8191
141850 8190
141874 8191
141897 8191
141921 579
141944 1610
141968 8190
141991 8191
142015 8191
142039 8190
142059 8190
142083 8191
142106 8191
142130 8191
142153 196
142177 8191
142200 8191
142224 8190
142247 8191
142271 8190
142295 8191
142318 8191
142342 8191
142365 1529
142389 8191
142412 8190
142436 311
142459 8190
142483 8190
142508 8190
142527 8190
142547 8190
142571 8191
142595 8190
142618 8190
142639 8190
142662 8191
142686 8191
142710 8191
142733 8191
142756 8191
142777 8190
142800 8191
142824 8191
142848 8191
142871 8190
142895 5
142918 8190
142942 8191
142965 8191
142989 8191
143012 8191
143036 8191
143056 8190
143079 8191
143102 8191
143126 8191
143151 8190
143173 8191
143198 8191
143221 8191
143245 8191
143268 8191
143292 8191
143315 8191
143339 8190
143363 8190
143386 8191
143407 8190
143429 8191
143453 8191
143473 8190
143494 8190
143517 8190
143541 8191
143564 8191
143588 8191
143611 8191
143634 8191
143659 8190
143682 8191
143705 8191
143729 1543
143752 8191
143776 8190
143799 8191
143822 8191
143847 8191
143866 8190
143890 8191
143913 1893
143938 8191
143962 8191
143985 8191
144009 8191
144032 8191
144056 8190
144076 8190
144099 8191
144123 8190
144146 8191
144171 1230
144194 749
144218 8191
144240 8191
144265 8190
144288 8191
144312 8191
144335 8191
144358 8191
144381 8191
144405 1558
144430 8190
144453 8190
144477 8190
144500 8191
144521 8190
144544 718
144568 8191
144591 8191
144615 144
144635 8190
144658 8191
144683 8191
144706 1321
144730 2003
144753 8191
144777 8190
144800 8190
144825 8190
144847 8191
144871 8191
144896 1743
144918 8191
144942 8191
144965 8191
144989 8190
145009 8190
145033 8190
145056 1378
145077 8190
145100 8190
145125 8191
145148 8191
145169 8190
145192 1119
145216 8191
145240 2208
145263 8190
145287 8191
145307 8190
145331 8191
145354 8191
145378 8191
145401 1873
145425 8190
145448 8191
145472 1017
145496 1167
145520 8190
145540 8190
145564 1908
145588 8191
145611 8191
145635 8191
145658 8191
145682 8190
145702 8190
145726 8191
145746 8190
145770 8191
145793 8191
145817 8190
145840 8191
145863 8191
145887 8191
145910 8191
145934 8190
145957 8191
145978 8190
146000 8191
146025 8190
146049 8190
146072 8191
146096 8191
146116 8190
146140 8191
146159 8190
146184 8190
146207 578
146227 8190
146251 8190
146275 1758
146298 8190
146322 8191
146347 8190
146369 8191
146393 8191
146416 8191
146437 8190
146457 8190
146481 8190
146504 8191
146527 8191
146550 8191
146575 2159
146598 1932
146622 8191
146646 139
146669 8190
146693 8191
146716 8191
146739 8191
146762 8191
146786 8191
146809 1389
146834 1126
146856 8191
146880 8191
146904 8191
146927 8190
146951 8191
146974 8190
146999 8191
147022 8190
147046 8191
147069 1367
147090 8190
147113 1896
147137 8191
147161 8190
147184 8191
147208 8191
147231 8191
147255 8191
147275 8190
147295 8190
147318 8191
147343 8190
147365 8191
147389 8191
147412 8191
147436 8191
147456 8190
147480 8190
147504 8191
147523 8190
147547 8191
147570 8191
147591 8190
147614 8191
147635 8190
147658 8190
147682 8190
147702 8190
147726 608
147749 8191
147773 8191
147796 2102
147820 8191
147844 8190
147867 8191
147891 8190
147914 8191
147938 8191
147961 8191
147986 143
148009 8190
148033 8190
148057 8191
148080 8190
148104 8191
148127 8191
148151 8190
148174 8191
148198 8191
148221 8190
148246 8191
148269 8191
148292 8191
148316 8191
148336 8190
148359 8191
148383 1877
148407 8191
148430 8191
148454 8191
148477 8190
148498 8190
148521 8190
148542 8190
148566 1921
148589 8191
148613 8191
148636 1848
148660 8190
148683 8191
148707 471
148730 8191
148751 8190
148774 8190
148798 8191
148822 8191
148846 2123
148869 8191
148893 8190
148913 8190
148936 8191
148960 8191
148983 8191
149007 8191
149030 8190
149051 8190
149074 1641
149098 1318
149123 8190
149146 1147
149170 8191
149193 8190
149217 8191
149240 1626
149264 8191
149287 8191
149311 857
149335 8191
149358 8191
149382 8191
149405 8190
149429 8191
149448 8190
149473 8190
149496 578
149520 8191
149542 8191
149563 8190
149586 8191
149610 8190
149634 8191
149657 8191
149681 8191
149704 8191
149727 8191
149751 8190
149775 8190
149798 8191
149822 1095
149846 8191
149865 8190
149890 8190
149912 8191
149937 8191
149956 8190
149981 8190
150000 8190
