8191
8190
8191
8190
8190
8191
8191
8191
8190
8191
8191
8190
8190
8191
8191
8190
8190
8190
737
1960
8190
8191
8190
8190
801
8190
8191
8190
1614
578
8191
8190
8190
8191
8191
8190
987
8191
8190
8191
8190
8191
8190
8191
8191
8191
8191
8191
8191
8190
8190
8190
8190
8190
1224
8191
8191
8190
8191
833
8190
8191
8190
8191
8191
8190
8191
8190
8191
8190
8190
8191
8191
8191
8191
8190
8191
8190
8190
8190
8191
8190
8191
8191
8191
8190
8190
8191
8191
8190
1979
8191
8190
8191
8190
8190
8190
8190
8190
8190
8190
8190
8191
8190
8190
8191
8190
8191
8190
8190
8190
8190
8190
8191
8191
8190
8190
8190
8190
8190
8191
8190
8191
8190
8190
8191
8191
8190
8191
8191
8191
8190
8190
8190
8190
8191
8190
8190
8190
8190
8190
8190
8190
8190
8190
8191
8191
8190
8190
8191
8190
8190
8191
8190
8190
8190
8190
8190
8190
1157
8190
8190
8191
8190
8191
8191
8190
8190
8191
8190
8190
8190
1368
8191
8190
8190
8191
8191
8190
8191
8191
8190
8190
8191
8190
8190
8190
8191
8191
8190
8191
8191
8191
8190
8190
8191
8190
8191
8191
8191
8191
8190
8191
8190
8191
8191
8191
8190
8190
8190
8191
8191
8190
8190
8191
8191
8190
8190
8191
8190
8190
1248
8190
8191
8191
8191
8190
8191
8190
8191
1591
8191
8191
8190
8190
8190
1162
8191
8191
8191
8191
8190
8190
8191
275
8191
8191
1280
553
8191
8190
8190
8190
8191
8191
8190
8190
8190
8191
8191
8190
8190
8191
80
8190
8190
8191
8190
8191
8190
8190
8191
8191
8191
8190
8191
8191
8191
8190
8190
8190
8190
8191
8190
8190
8190
8191
8190
8190
8190
8190
8190
8190
8191
8190
8190
8191
8191
8190
8190
8190
8190
8190
8190
8190
8191
8190
8190
8191
8191
8191
8190
8190
8190
8190
8190
8190
8190
8191
8191
8191
8190
8190
8191
8190
8191
8191
472
8190
8190
8190
1721
8191
8190
8191
8190
8191
8190
8191
8191
8190
8190
8191
8191
8190
8191
8191
8190
8191
8190
8191
8191
8190
8191
8190
8190
8190
8191
8190
8190
8190
8190
8190
8191
8191
8190
8191
8190
8190
8191
8191
8190
8190
8191
8191
571
8191
8190
8191
8190
8190
8190
8191
8191
8190
8190
8190
8191
8191
8190
8190
8190
8191
8191
8190
8191
8190
8190
8190
8191
8190
8191
8191
8191
8190
8191
8191
8190
8190
8191
8190
8191
8191
8190
8190
8191
8190
8191
8190
8191
8191
8191
8190
8191
8190
1751
8190
8191
8191
8190
8190
8191
8191
8191
1550
8190
8190
8191
8190
8191
8190
8190
8191
8191
8191
8190
8191
8190
427
8191
8191
8190
8191
8190
1338
8190
8190
8190
8190
8191
8191
8191
8191
8190
8191
8191
8190
916
8190
8191
8191
8190
8190
8191
8190
8190
8191
8190
8191
8191
8190
8191
8191
8190
8191
8191
8191
8190
8191
8190
8191
8190
8190
8190
8190
8191
8190
8190
8190
8191
8190
8191
8191
8191
8191
8190
8191
8191
8191
8190
8190
8190
8191
8190
8191
8190
8191
8190
8191
8191
8190
8191
8190
8190
8191
8190
8190
8191
8191
8190
8190
8190
8190
8190
8190
8191
8190
8190
1770
1832
1878
1755
1659
8190
1846
8190
8191
1873
8191
8191
8191
8191
8190
8191
8190
8190
8190
8190
8190
8191
8190
8190
8190
8191
8190
8190
8190
8190
1499
8190
8190
8191
8190
8191
8191
8190
8191
8191
8191
8190
855
8191
8190
8190
8190
8190
2147
8191
8190
8191
8191
8190
8190
8190
8191
8190
8191
8191
8190
8190
8191
8191
8191
8191
8190
8190
8190
8191
8190
8191
8191
8191
8191
8191
8190
8190
8190
8190
8191
8190
8191
8190
8190
8191
8191
8191
8190
8191
8191
324
8191
8190
8190
8190
8191
8191
8190
8190
8191
8190
8191
8190
8191
8191
8190
8190
8191
8190
8191
8191
8191
8190
8190
8191
8190
8191
8190
8190
1217
8190
8190
8191
8191
8191
8190
8191
8190
8190
8191
8190
8190
8190
8190
8190
8191
8191
8190
8191
8190
8190
8190
8191
8190
8190
8191
8190
8191
8191
8190
8191
8191
8190
8191
8191
8190
8191
8190
8190
8191
8190
8190
1771
8190
8191
8190
8190
8190
1688
8191
8190
8190
8190
8190
8190
8190
8191
8191
8190
8190
8191
8190
8190
8190
8191
8190
8190
8191
8190
8190
8191
8191
8191
8190
8191
8190
8191
8191
0
8190
8191
8190
8191
8190
8190
1094
8190
8191
8191
8191
8190
8190
8190
8191
8190
8191
8190
8191
8191
8190
8190
8190
8191
8191
8191
8191
8191
8190
8191
8190
8190
8191
8191
8190
8191
8190
8190
8191
8191
8190
8191
8190
8190
8190
8191
8190
8190
8191
8191
8191
8191
8190
8190
8191
8191
8190
8190
780
8190
8190
1400
8190
8190
8191
8190
8190
8190
8190
8190
8190
8191
8190
8190
8190
8190
8191
8191
8191
8191
8190
8191
8190
8190
8191
8190
504
8190
8191
8191
8191
8191
8190
8191
524
8190
8190
8190
2057
8191
8190
8191
8190
8190
8191
8190
8191
8191
8191
8191
8191
8190
8191
8190
8191
8191
8191
1197
8191
8190
8190
8190
92
0
1828
8191
8191
8191
8190
8190
8190
8190
8190
8191
8190
8190
8190
8190
8190
8190
8190
8190
8190
8191
8190
8190
8191
1838
8190
8190
8190
8191
8190
8190
8191
8191
8190
8190
8190
8190
8191
8191
8191
8191
8191
8191
8191
8191
8190
8191
8190
314
8190
8190
8191
8191
8190
8191
8190
8191
8191
8190
8191
8191
8190
8191
8190
8190
8190
8190
8191
8191
8191
8190
8190
566
8191
8190
8190
8190
8191
8190
8190
8191
8190
8191
8190
8191
8190
8190
8190
8191
977
8190
8190
8191
8191
8191
8191
8190
8191
8190
8191
8190
8190
8191
8190
8191
8191
8191
8190
8190
8190
8190
8191
8191
8190
8190
8191
8191
8190
8190
8190
8190
8190
8190
8191
8190
8190
8190
8190
8190
8190
8190
8190
8191
8191
8191
8190
8191
8190
8191
1128
8190
1341
8190
8191
8191
8191
8190
8191
8191
8190
8191
8190
8191
8191
8190
8190
8191
8191
8190
8191
8190
8191
8190
8191
8190
8190
8190
8191
8190
8191
8191
8191
8190
8191
8190
8191
8191
8190
8190
8191
8190
1464
8191
1776
8190
8191
8190
8190
8190
2154
8191
8190
8191
8190
8190
8190
849
8190
8190
8190
8190
8191
8191
8191
8190
8190
8190
8191
8190
8190
1617
8190
8191
8190
8190
8190
8190
8190
8190
8190
1058
8190
8191
8190
8190
8191
8190
595
8190
8190
8191
8191
8191
8191
8190
8191
8190
8191
8190
8190
8191
8190
8190
8190
8191
8191
8190
789
8190
8191
8191
8191
8190
8190
8190
8191
8191
8191
8190
8191
8191
1286
8191
8190
8190
8191
1322
8191
8191
8190
8190
8191
8190
8190
8191
8190
8190
1732
8190
8191
8191
8190
8190
8191
8190
226
8190
8190
8190
8190
8191
8190
8191
8190
8190
8190
8191
8190
8191
8190
8191
8191
8191
8190
8190
8190
8191
8191
8190
8190
8191
8191
8190
8191
61
1462
8191
8190
8190
8191
8190
8190
8190
8190
8191
8191
8190
8190
8190
8190
8190
8191
8190
8191
8190
8191
8190
8190
8190
8191
8191
8191
8190
8191
8191
8191
8190
8191
8190
8191
8190
8190
8190
8190
8191
8190
8190
8190
8191
8190
8190
8191
8190
8190
8191
8190
8191
8191
8190
8190
8190
8191
8191
8190
8191
8190
8190
8191
8190
8191
8191
8191
8190
8190
8190
8190
1340
8191
8190
8190
8191
8190
8191
8191
788
8191
8190
8191
8190
8190
8191
8191
8190
8190
8190
8191
8190
8191
8190
8190
8190
776
8191
8190
8190
8191
8191
8190
8190
8190
8191
8191
8190
8190
8191
8190
8190
8190
8191
8191
8190
8190
8191
8190
8190
8191
8190
8191
8191
8190
8190
8190
8190
8191
8190
8190
1834
1920
8191
8190
8191
8190
8191
8191
8190
8191
8191
8190
8190
8191
8190
8191
8190
8190
8191
2030
8191
8190
8190
8190
8190
8190
8190
8191
8190
8191
8190
8191
8191
8190
0
8190
8191
8190
8190
8191
8190
8190
8190
8191
8191
8191
8190
8190
8191
8190
8190
8191
8190
8191
8190
8190
8190
8191
8190
8191
8190
8190
8190
8190
8190
8190
8191
8190
8190
8191
8191
8190
8190
8190
8191
675
8191
8191
8191
8190
8191
8191
8190
8190
8190
8191
8190
8190
8191