Received Log:

[23 de nov de 2017 1:38:12 PM] ASCII:
8191
8191
8191
8191
8191
8191
8191
8191
8191
8191
8191
8191
8191
8191
8191
8191
8191
8191
8191
8191
8191
8191
8191
8191
8191
8191
8191
8191
8191
399
Time: 24876
8191
8191
8191
8191
8191
8191
8191
8191
8191
8191
8191
8191
8191
8191
8191
8191
8191
8191
8191
759
Time: 25843
8191
8191
8191
8191
8191
8191
8191
8191
8191
8191
8191
8191
8191
8191
8191
8191
8191
8191
8191
8191
8191
8191
8191
8191
8191
8191
8191
8191
8191
8191
8191
8191
8191
8191
8191
8191
654
Time: 27698
824
Time: 27739
542
Time: 27820
528
Time: 27901
8191
616
Time: 28023
8191
8191
8191
8191
8191
8191
8191
8191
8191
8191
8191
8191
8191
8191
8191
8191
8191
8191
8191
8191
8191
8191
8191
8191
8191
8191
8191
8191
8191
8191
8191
8191
8191
640
Time: 30385
564
Time: 30466
8191
568
Time: 30587
534
Time: 30628
466
Time: 30669
390
Time: 30734
8191
8191
8191
8191
8191
595
Time: 31087
8191
8191
8191
8191
1004
Time: 31353
8191
8191
8191
8191
8191
8191
8191
8191
8191
8191
8191
8191
8191
8191
8191
8191
8191
8191
8191
8191
8191
8191
8191
8191
8191
8191
1106
Time: 32928
8191
8191
8191
8191
8191
8191
8191
8191
8191
967
Time: 33594
8191
8191
8191
8191
8191
8191
8191
8191
8191
8191
8191
8191
8191
8191
8191
8191
8191
8191
8191
8191
8191
8191
8191
8191
8191
8191
8191
661
Time: 35279
8191
8191
8191
8191
8191
8191
8191
8191
8191
1253
Time: 36037
8191
8191
8191
8191
8191
1077
Time: 36373
8191
8191
8191
8191
8191
8191
8191
8191
8191
541
Time: 36889
8191
8191
8191
8191
8191
8191
8191
8191
8191
8191
452
Time: 37613
8191
8191
8191
8191
8191
8191
8191
8191
8191
910
Time: 38147
8191
8191
8191
780
Time: 38350
8191
8191
8191
8191
8191
8191
8191
8191
8191
8191
8191
8191
8191
8191
8191
8191
8191
8191
8191
8191
8191
8191
8191
8191
8191
8191
8191
8191
8191
8191
8191
8191
8191
8191
8191
8191
8191
8191
8191
8191
8191
8191
8191
8191
8191
8191
8191
8191
8191
8191
8191
8191
8191
8191
656
Time: 41719
8191
8191
8191
8191
8191
8191
8191
8191
8191
8191
8191
8191
8191
8191
8191
8191
8191
8191
8191
516
Time: 42958
8191
8191
8191
8191
8191
8191
8191
8191
8191
8191
8191
8191
8191
8191
8191
8191
8191
8191
8191
8191
8191
8191
8191
8191
8191
8191
8191
8191
8191
8191
8191
8191
8191
8191
8191
8191
8191
8191
8191
8191
8191
8191
8191
8191
8191
964
Time: 45633
8191
8191
8191
8191
8191
8191
8191
8191
8191
8191
8191
8191
8191
8191
8191
8191
8191
8191
8191
8191
8191
8191
8191
8191
8191
8191
8191
618
Time: 47364
317
Time: 47428
8191
8191
8191
8191
8191
8191
8191
8191
1193
Time: 47903
8191
8191
8191
8191
8191
8191
8191
8191
8191
8191
8191
8191
8191
8191
8191
8191
8191
8191
8191
8191
8191
8191
8191
8191
8191
8191
8191
8191
8191
8191
8191
834
Time: 49762
8191
820
Time: 49884
8191
8191
8191
8191
8191
8191
8191
8191
8191
8191
8191
8191
8191
8191
8191
1168
Time: 50828
8191
8191
8191
8191
8191
8191
8191
8191
8191
8191
8191
8191
8191
8191
8191
8191
8191
8191
8191
8191
8191
568
Time: 51895
8191
8191
8191
8191
8191
8191
8191
8191
541
Time: 52324
8191
8191
8191
8191
8191
8191
794
Time: 52655
8191
8191
8191
8191
8191
1028
Time: 52963
8191
8191
8191
8191
8191
8191
8191
8191
8191
8191
8191
8191
8191
8191
8191
8191
8191
8191
8191
8191
8191
8191
8191
8191
8191
8191
8191
8191
8191
8191
8191
8191
8191
8191
8191
8191
821
Time: 54817
8191
8191
8191
8191
8191
8191
8191
8191
8191
8191
8191
8191
8191
8191
8191
8191
8191
8191
8191
8191
8191
8191
8191
8191
8191
8191
8191
8191
8191
8191
8191
8191
8191
8191
8191
8191
8191
8191
8191
8191
8191
8191
1021
Time: 57324
8191
8191
8191
8191
8191
8191
8191
8191
8191
8191
8191
8191
8191
25
Time: 58187
8191
8191
8191
8191
8191
8191
725
Time: 58680
8191
8191
8191
8191
8191
8191
8191
997
Time: 59160
8191
8191
8191
8191
8191
8191
8191
8191
8191
8191
8191
8191
483
Time: 59815
8191
8191
8191
8191
8191
8191
537
Time: 60331
8191
8191
8191
8191
8191
8191
8191
8191
8191
8191
8191
8191
8191
736
Time: 61211
882
Time: 61252
8191
8191
8191
8191
8191
8191
8191
8191
8191
8191
8191
8191
8191
8191
8191
8191
8191
8191
875
Time: 62288
8191
8191
8191
8191
8191
8191
8191
8191
8191
8191
8191
871
Time: 62966
8191
8191
8191
8191
567
Time: 63378
8191
8191
8191
8191
987
Time: 63714
8191
8191
8191
8191
8191
8191
8191
8191
8191
8191
8191
8191
8191
1236
Time: 64282
8191
8191
8191
1044
Time: 64526
8191
8191
8191
8191
402
Time: 64730
8191
8191
696
Time: 64875
8191
480
Time: 64957
734
Time: 64998
686
Time: 65079
756
Time: 65120
936
Time: 65242
8191
626
Time: 65346
8191
8191
8191
8191
8191
8191
8191
8191
8191
8191
8191
8191
8191
8191
8191
8191
8191
8191
8191
8191
8191
8191
8191
8191
8191
8191
8191
8191
8191
8191
8191
8191
8191
8191
8191
8191
8191
8191
8191
8191
8191
8191
8191
8191
8191
8191
8191
8191
8191
8191
8191
8191
8191
8191
8191
8191
8191
8191
8191
8191
8191
8191
8191
8191
8191
8191
8191
8191
8191
8191
8191
8191
8191
8191
8191
8191
8191
8191
8191
8191
8191
8191
8191
8191
8191
8191
8191
8191
8191
8191
8191
8191
8191
8191
8191
8191
8191
8191
8191
8191
8191
8191
437
Time: 71097
8191
8191
8191
8191
8191
1135
Time: 71421
8191
8191
8191
8191
8191
8191
8191
8191
8191
8191
8191
8191
8191
989
Time: 72285
8191
8191
8191
810
Time: 72551
8191
8191
8191
1089
Time: 72783
8191
8191
8191
8191
8191
731
Time: 73131
8191
8191
8191
8191
8191
8191
8191
8191
8191
8191
8191
8191
8191
8191
8191
8191
8191
8191
8191
8191
8191
8191
8191
8191
8191
8191
8191
8191
8191
8191
8191
8191
8191
8191
8191
8191
8191
8191
8191
8191
8191
8191
964
Time: 75783
600
Time: 75864
8191
8191
8191
1036
Time: 76090
8191
8191
8191
8191
8191
8191
8191
8191
702
Time: 76704
8191
8191
8191
8191
8191
8191
8191
8191
8191
8191
8191
8191
8191
8191
8191
8191
8191
8191
8191
8191
8191
8191
8191
8191
8191
8191
8191
8191
8191
8191
8191
8191
981
Time: 78426
8191
8191
976
Time: 78547
8191
8191
8191
8191
8191
8191
8191
8191
721
Time: 79230
8191
8191
8191
8191
8191
8191
8191
8191
8191
8191
8191
8191
8191
8191
8191
8191
8191
8191
8191
8191
8191
8191
1086
Time: 80557
8191
8191
8191
8191
8191
8191
8191
8191
8191
8191
648
Time: 81368
8191
8191
8191
8191
8191
8191
565
Time: 81824
8191
8191
8191
8191
8191
8191
8191
632
Time: 82380
728
Time: 82583
8191
8191
8191
8191
8191
8191
8191
955
Time: 83001
8191
8191
8191
8191
8191
8191
8191
8191
8191
8191
8191
8191
8191
8191
8191
8191
8191
8191
8191
8191
8191
8191
8191
8191
8191
8191
8191
8191
8191
8191
8191
8191
8191
8191
1185
Time: 84976
8191
8191
8191
8191
8191
8191
8191
8191
8191
8191
8191
8191
8191
8191
8191
8191
8191
8191
8191
8191
8191
8191
8191
396
Time: 86631
8191
8191
8191
8191
8191
8191
8191
8191
8191
8191
8191
8191
8191
8191
8191
8191
8191
8191
8191
8191
8191
8191
8191
735
Time: 87923
8191
8191
8191
8191
8191
8191
8191
8191
8191
8191
8191
8191
529
Time: 88803
8191
8191
8191
8191
8191
8191
8191
8191
8191
8191
8191
8191
8191
8191
8191
8191
8191
1157
Time: 89829
8191
8191
8191
262
Time: 89992
8191
8191
8191
8191
8191
8191
8191
8191
8191
8191
8191
8191
8191
8191
8191
8191
8191
8191
8191
8191
8191
8191
8191
8191
8191
8191
8191
8191
8191
8191
8191
8191
8191
8191
8191
8191
8191
8191
8191
766
Time: 92205
8191
8191
8191
8191
8191
8191
8191
8191
8191
8191
8191
8191
8191
8191
8191
8191
8191
8191
8191
714
Time: 93231
8191
8191
8191
402
Time: 93503
8191
8191
8191
8191
857
Time: 93729
8191
8191
8191
8191
8191
8191
8191
8191
8191
8191
8191
8191
8191
8191
8191
8191
8191
8191
8191
8191
8191
8191
8191
8191
8191
8191
8191
8191
8191
8191
8191
8191
8191
688
Time: 95807
8191
8191
8191
8191
8191
8191
8191
8191
8191
8191
8191
8191
8191
8191
8191
8191
8191
8191
8191
8191
8191
8191
8191
8191
8191
8191
8191
8191
8191
8191
8191
8191
8191
8191
8191
8191
8191
8191
8191
8191
8191
8191
8191
8191
8191
8191
8191
8191
8191
8191
8191
8191
8191
8191
8191
8191
8191
8191
8191
8191
8191
8191
8191
8191
8191
8191
8191
8191
8191
8191
8191
8191
8191
8191
8191
8191
8191
8191
8191
8191
8191
8191
8191
8191
8191
8191
8191
8191
8191
8191
8191
8191
8191
8191
8191
8191
8191
8191
8191
8191
8191
8191
8191
8191
8191
8191
8191
8191
8191
8191
8191
8191
8191
8191
8191
8191
8191
8191
8191
8191
8191
8191
8191
8191
8191
8191
8191
1085
Time: 103759
8191
8191
8191
8191
8191
8191
8191
8191
8191
8191
8191
8191
8191
8191
8191
8191
8191
8191
8191
8191
8191
8191
8191
8191
8191
618
Time: 105110
8191
8191
8191
397
Time: 105382
8191
8191
8191
8191
8191
8191
8191
8191
8191
8191
8191
8191
8191
8191
8191
8191
8191
8191
8191
8191
8191
8191
8191
8191
8191
8191
8191
8191
8191
8191
773
Time: 107287
8191
8191
8191
8191
8191
8191
8191
8191
8191
8191
8191
8191
8191
8191
8191
8191
8191
8191
8191
8191
8191
8191
8191
8191
8191
8191
8191
8191
8191
8191
8191
8191
8191
8191
8191
8191
8191
8191
8191
8191
312
Time: 109835
8191
8191
8191
8191
8191
8191
8191
8191
8191
8191
8191
444
Time: 110495
577
Time: 110617
661
Time: 110658
755
Time: 110739
620
Time: 110780
8191
8191
8191
8191
8191
8191
8191
8191
8191
8191
8191
8191
8191
8191
8191
8191
8191
8191
8191
8191
8191
8191
8191
8191
8191
8191
8191
8191
8191
8191
8191
8191
8191
8191
8191
8191
8191
803
Time: 112797
8191
8191
8191
1240
Time: 113046
8191
8191
8191
1025
Time: 113250
254
Time: 113291
1125
Time: 113372
8191
8191
8191
8191
8191
8191
8191
8191
8191
8191
8191
8191
8191
1098
Time: 114211
8191
8191
512
Time: 114334
8191
8191
8191
8191
8191
8191
8191
8191
8191
8191
8191
8191
8191
8191
8191
8191
8191
8191
8191
8191
8191
8191
8191
8191
8191
8191
8191
8191
8191
8191
8191
8191
8191
8191
8191
8191
8191
8191
8191
8191
8191
8191
8191
8191
8191
8191
8191
8191
8191
8191
8191
8191
8191
8191
8191
1211
Time: 117715
722
Time: 117756
8191
8191
8191
8191
8191
8191
8191
8191
8191
8191
8191
8191
8191
8191
8191
8191
8191
8191
8191
714
Time: 118990
630
Time: 119071
8191
8191
8191
8191
8191
8191
8191
8191
8191
8191
8191
8191
8191
8191
250
Time: 120176
8191
8191
8191
8191
8191
8191
8191
8191
8191
8191
8191
8191
8191
8191
8191
517
Time: 121028
8191
8191
301
Time: 121191
8191
8191
8191
8191
8191
8191
8191
824
Time: 121644
8191
8191
8191
8191
8191
8191
8191
793
Time: 122073
636
Time: 122114
479
Time: 122235
441
Time: 122276
359
Time: 122317
403
Time: 122358
363
Time: 122439
287
Time: 122521
451
Time: 122562
380
Time: 122603
422
Time: 122644
8191
8191
8191
8191
8191
8191
8191
8191
8191
8191
8191
8191
8191
8191
8191
8191
8191
8191
8191
8191
8191
1065
Time: 123963
8191
8191
8191
8191
8191
8191
8191
8191
8191
8191
8191
8191
1112
Time: 124670
8191
8191
8191
8191
898
Time: 125024
8191
8191
8191
8191
8191
8191
8191
8191
8191
8191
8191
8191
8191
8191
8191
8191
8191
8191
8191
8191
8191
8191
8191
8191
8191
8191
8191
8191
8191
8191
8191
831
Time: 127008
8191
8191
8191
8191
8191
8191
8191
8191
8191
8191
8191
8191
8191
8191
8191
8191
8191
8191
8191
8191
8191
8191
8191
8191
8191
8191
8191
8191
8191
1053
Time: 128602
8191
8191
8191
8191
8191
8191
8191
8191
8191
8191
8191
8191
8191
502
Time: 129494
8191
8191
8191
8191
8191
8191
8191
8191
8191
8191
8191
8191
8191
8191
8191
8191
8191
8191
8191
8191
8191
8191
8191
8191
8191
8191
8191
8191
8191
8191
8191
8191
8191
8191
8191
8191
8191
8191
8191
8191
8191
8191
8191
8191
8191
8191
8191
8191
8191
8191
8191
8191
8191
8191
8191
8191
8191
8191
8191
8191
8191
8191
8191
8191
8191
8191
8191
8191
8191
8191
8191
8191
8191
1186
Time: 133963
1208
Time: 134004
8191
8191
8191
8191
8191
8191
8191
8191
8191
8191
8191
8191
8191
8191
8191
8191
8191
8191
8191
8191
8191
8191
8191
8191
8191
8191
8191
8191
490
Time: 135811
8191
8191
8191
8191
8191
8191
8191
8191
8191
8191
8191
8191
8191
8191
8191
8191
8191
8191
8191
8191
8191
8191
8191
8191
8191
8191
8191
8191
8191
8191
8191
8191
8191
8191
8191
8191
8191
8191
8191
8191
8191
8191
8191
8191
8191
8191
8191
8191
8191
8191
8191
8191
8191
8191
8191
8191
8191
8191
8191
8191
8191
8191
8191
8191
8191
8191
8191
8191
8191
8191
8191
8191
8191
8191
8191
8191
788
Time: 140516
8191
8191
8191
8191
763
Time: 140782
8191
8191
8191
8191
8191
8191
8191
8191
8191
8191
8191
8191
8191
8191
8191
8191
1092
Time: 141882
8191
8191
8191
8191
8191
8191
8191
8191
8191
8191
8191
8191
8191
8191
8191
8191
861
Time: 142775
8191
8191
8191
8191
8191
8191
8191
8191
8191
8191
8191
8191
8191
8191
8191
8191
8191
8191
8191
8191
8191
8191
8191
8191
8191
8191
8191
8191
8191
8191
8191
8191
8191
8191
8191
8191
8191
8191
8191
8191
8191
8191
8191
8191
8191
8191
8191
8191
8191
8191
620
Time: 145866
8191
1229
Time: 145993
8191
8191
8191
8191
8191
8191
564
Time: 146365
8191
8191
8191
8191
8191
8191
8191
8191
8191
8191
8191
8191
8191
8191
8191
8191
8191
8191
8191
8191
8191
8191
8191
837
Time: 147997
8191
8191
8191
8191
8191
8191
8191
8191
8191
8191
8191
8191
8191
8191
8191
8191
8191
8191
8191
8191
8191
8191
8191
8191
8191
8191
8191
8191
8191
8191
8191
8191
8191
8191
8191
8191
8191
8191
8191
8191
8191
8191
8191
8191
8191
8191
8191
8191
8191
8191
8191
8191
8191
8191
8191
8191
8191
8191
8191
8191
921
Time: 151310
8191
8191
8191
923
Time: 151789
8191
8191
8191
8191
8191
8191
8191
8191
8191
8191
8191
8191
8191
8191
8191
8191
8191
8191
8191
8191
8191
8191
784
Time: 153058
8191
679
Time: 153221
8191
8191
8191
606
Time: 153383
8191
8191
8191
8191
8191
8191
8191
8191
8191
8191
8191
8191
8191
8191
8191
8191
8191
8191
8191
8191
8191
340
Time: 154692
8191
8191
8191
8191
8191
8191
8191
961
Time: 155398
1128
Time: 155439
8191
8191
8191
8191
8191
8191
8191
8191
8191
8191
8191
8191
8191
8191
8191
8191
8191
8191
8191
8191
8191
8191
8191
8191
8191
8191
8191
8191
8191
8191
8191
8191
8191
8191
780
Time: 157465
8191
8191
8191
8191
8191
8191
8191
8191
8191
970
Time: 158027
8191
8191
8191
8191
8191
8191
8191
8191
8191
8191
8191
8191
8191
8191
8191
8191
8191
8191
8191
8191
8191
8191
8191
849
Time: 159539
8191
8191
8191
8191
8191
8191
892
Time: 160117
8191
8191
8191
8191
8191
8191
8191
8191
8191
8191
8191
8191
8191
8191
8191
774
Time: 161015
8191
8191
8191
8191
8191
8191
8191
8191
8191
8191
8191
8191
8191
8191
8191
8191
8191
8191
8191
8191
8191
8191
8191
8191
8191
8191
8191
8191
8191
8191
8191
8191
8191
8191
8191
8191
8191
8191
8191
8191
8191
8191
8191
8191
8191
8191
8191
8191
8191
8191
8191
8191
8191
8191
8191
8191
8191
8191
8191
8191
8191
8191
8191
8191
8191
412
Time: 165522
8191
8191
8191
651
Time: 165806
8191
8191
8191
8191
8191
8191
8191
8191
8191
8191
8191
8191
8191
8191
8191
8191
8191
8191
8191
928
Time: 167327
8191
8191
8191
8191
8191
8191
8191
8191
8191
8191
8191
8191
8191
8191
8191
8191
8191
887
Time: 168444
8191
8191
591
Time: 168688
653
Time: 168770
8191
1102
Time: 168973
8191
8191
8191
8191
8191
8191
8191
8191
8191
8191
8191
8191
8191
8191
8191
8191
8191
8191
8191
8191
8191
8191
8191
8191
8191
8191
8191
8191
8191
8191
8191
8191
8191
8191
8191
644
Time: 171167
8191
8191
8191
8191
8191
8191
8191
8191
8191
8191
8191
8191
8191
8191
822
Time: 171950
8191
8191
8191
8191
8191
8191
8191
8191
8191
8191
8191
8191
8191
8191
8191
8191
8191
8191
8191
8191
1008
Time: 173062
1148
Time: 173104
8191
8191
8191
8191
8191
8191
8191
8191
8191
8191
8191
8191
8191
8191
8191
8191
8191
8191
8191
8191
8191
8191
8191
8191
8191
8191
8191
8191
8191
8191
8191
8191
8191
8191
8191
8191
727
Time: 175748
8191
1068
Time: 175828
8191
8191
8191
8191
8191
8191
8191
8191
8191
8191
8191
8191
8191
8191
8191
8191
8191
8191
8191
8191
8191
8191
8191
8191
8191
8191
8191
8191
8191
8191
8191
8191
8191
8191
904
Time: 177959
8191
8191
8191
8191
8191
8191
8191
8191
8191
8191
8191
8191
8191
8191
8191
8191
8191
8191
8191
8191
8191
8191
8191
654
Time: 179257
8191
8191
8191
8191
8191
8191
8191
8191
8191
8191
8191
8191
8191
8191
1221
Time: 180131
8191
8191
548
Time: 180294
8191
8191
8191
8191
8191
8191
8191
8191
8191
8191
8191
8191
8191
8191
8191
8191
8191
8191
8191
8191
8191
1103
Time: 181679
402
Time: 181760
796
Time: 181847
605
Time: 181888
8191
8191
8191
8191
8191
8191
451
Time: 182253
1230
Time: 182375
8191
8191
809
Time: 182561
8191
8191
732
Time: 182724
8191
8191
8191
8191
8191
8191
8191
8191
8191
8191
966
Time: 183385
8191
8191
8191
8191
8191
8191
8191
8191
8191
903
Time: 184009
702
Time: 184051
8191
8191
8191
8191
8191
8191
8191
8191
8191
8191
8191
8191
8191
8191
8191
8191
8191
8191
8191
8191
8191
8191
8191
8191
8191
8191
8191
8191
8191
8191
8191
8191
909
Time: 186020
8191
8191
8191
8191
8191
8191
8191
8191
8191
8191
8191
8191
8191
8191
8191
8191
8191
8191
8191
8191
8191
8191
8191
8191
8191
8191
8191
8191
8191
8191
8191
8191
8191
8191
8191
8191
8191
8191
8191
8191
8191
8191
8191
8191
8191
8191
8191
8191
8191
8191
8191
8191
750
Time: 189360
8191
8191
8191
8191
826
Time: 189632
8191
985
Time: 189777
8191
8191
8191
8191
8191
8191
8191
8191
8191
601
Time: 190414
8191
8191
8191
8191
8191
8191
8191
863
Time: 191010
8191
8191
8191
8191
8191
8191
8191
8191
8191
8191
8191
8191
8191
8191
8191
8191
8191
8191
8191
8191
8191
8191
8191
8191
8191
8191
8191
8191
8191
8191
8191
8191
8191
8191
8191
8191
8191
8191
8191
8191
8191
8191
8191
8191
8191
8191
8191
8191
8191
8191
8191
8191
904
Time: 194576
8191
8191
8191
8191
8191
8191
8191
8191
8191
8191
8191
8191
328
Time: 195501
8191
8191
8191
8191
8191
8191
8191
8191
8191
8191
8191
8191
8191
8191
8191
8191
8191
737
Time: 196590
8191
8191
8191
8191
8191
8191


No Sent Log!
