Received Log:

[23 de nov de 2017 1:49:39 PM] ASCII:
91
8191
8191
8191
719
Time: 20954
8191
8191
8191
8191
8191
8191
8191
956
Time: 21388
8191
8191
8191
1053
Time: 21620
8191
8191
8191
8191
8191
8191
8191
8191
499
Time: 22118
8191
8191
8191
8191
8191
1104
Time: 22530
8191
8191
8191
873
Time: 22732
8191
8191
8191
8191
8191
8191
8191
8191
8191
8191
8191
8191
8191
8191
8191
8191
8191
8191
8191
8191
420
Time: 23839
8191
8191
8191
8191
8191
8191
8191
8191
8191
8191
8191
8191
8191
8191
189
Time: 24817
8191
8191
8191
8191
8191
8191
8191
8191
8191
8191
8191
8191
8191
8191
8191
8191
8191
8191
8191
8191
8191
8191
8191
8191
722
Time: 26317
8191
1037
Time: 26549
8191
8191
8191
8191
8191
8191
8191
8191
8191
8191
8191
1044
Time: 27233
8191
8191
8191
8191
8191
8191
8191
1171
Time: 27679
102
Time: 27784
93
Time: 27825
306
Time: 27866
756
Time: 27907
451
Time: 27948
8191
108
Time: 28231
52
Time: 28312
79
Time: 28353
87
Time: 28394
123
Time: 28435
8191
293
Time: 28660
8191
8191
8191
8191
8191
8191
8191
8191
8191
8191
8191
8191
8191
8191
8191
8191
8191
8191
8191
8191
8191
8191
8191
8191
8191
8191
1214
Time: 30241
8191
8191
8191
8191
8191
8191
1275
Time: 30613
8191
8191
8191
8191
8191
8191
8191
8191
8191
8191
8191
8191
8191
8191
8191
8191
8191
8191
8191
8191
8191
8191
8191
8191
8191
749
Time: 32412
8191
8191
827
Time: 32575
8191
848
Time: 32819
8191
8191
8191
8191
8191
8191
8191
8191
8191
8191
8191
8191
8191
8191
1040
Time: 33860
8191
943
Time: 33942
8191
8191
1090
Time: 34064
8191
8191
8191
8191
8191
8191
8191
8191
8191
8191
8191
8191
8191
8191
8191
8191
8191
8191
8191
8191
8191
8191
8191
8191
8191
8191
8191
8191
8191
8191
8191
8191
8191
8191
8191
8191
8191
8191
8191
8191
8191
8191
8191
8191
8191
8191
8191
8191
8191
8191
8191
8191
8191
8191
8191
8191
8191
8191
8191
8191
8191
8191
8191
8191
8191
252
Time: 37804
8191
8191
8191
8191
8191
8191
1106
Time: 38400
8191
8191
8191
8191
8191
895
Time: 38725
8191
928
Time: 38887
788
Time: 38928
8191
8191
8191
8191
8191
1028
Time: 39426
8191
8191
8191
8191
8191
1242
Time: 39756
8191
8191
8191
8191
8191
8191
8191
1070
Time: 40198
8191
8191
8191
8191
8191
8191
8191
8191
8191
8191
8191
610
Time: 40944
8191
8191
8191
8191
8191
8191
8191
517
Time: 41378
8191
8191
8191
8191
8191
8191
8191
8191
8191
8191
8191
8191
1055
Time: 42039
8191
8191
8191
8191
8191
8191
8191
8191
8191
8191
8191
8191
8191
8191
8191
8191
8191
8191
8191
8191
8191
8191
8191
979
Time: 43838
8191
8191
8191
8191
8191
8191
8191
8191
8191
8191
8191
8191
8191
8191
8191
8191
8191
8191
8191
8191
8191
8191
8191
8191
8191
8191
8191
8191
8191
8191
8191
8191
8191
8191
8191
8191
8191
8191
8191
8191
8191
8191
8191
8191
8191
8191
8191
8191
8191
8191
8191
8191
8191
8191
8191
8191
1049
Time: 47416
8191
8191
8191
8191
8191
541
Time: 47747
8191
8191
8191
8191
8191
8191
8191
8191
8191
8191
8191
8191
8191
8191
8191
8191
8191
8191
8191
8191
8191
8191
8191
8191
8191
8191
8191
8191
8191
8191
8191
8191
8191
8191
8191
8191
8191
8191
8191
8191
8191
8191
8191
8191
8191
8191
8191
8191
8191
8191
8191
8191
8191
8191
8191
8191
8191
8191
8191
8191
8191
8191
8191
8191
8191
8191
8191
8191
1062
Time: 51460
8191
8191
8191
8191
8191
8191
8191
8191
8191
8191
8191
8191
8191
8191
8191
8191
8191
8191
8191
8191
8191
8191
908
Time: 52838
8191
8191
8191
8191
408
Time: 53104
8191
8191
8191
8191
8191
8191
8191
8191
8191
8191
8191
8191
8191
8191
8191
8191
8191
8191
8191
8191
8191
650
Time: 54298
8191
8191
8191
969
Time: 54645
8191
723
Time: 54889
8191
808
Time: 55051
8191
8191
8191
8191
658
Time: 55301
8191
8191
8191
8191
8191
8191
8191
8191
8191
8191
8191
8191
8191
8191
8191
8191
8191
8191
8191
8191
8191
8191
8191
8191
8191
8191
8191
8191
8191
8191
8191
8191
8191
8191
8191
1074
Time: 57449
8191
8191
8191
8191
8191
8191
8191
8191
8191
8191
8191
8191
8191
1049
Time: 58294
8191
8191
8191
8191
8191
8191
8191
8191
8191
8191
8191
8191
8191
8191
879
Time: 59260
8191
8191
8191
8191
8191
8191
8191
8191
8191
8191
8191
8191
8191
8191
8191
8191
8191
8191
8191
8191
8191
8191
8191
8191
8191
8191
8191
8191
8191
8191
8191
625
Time: 61357
8191
8191
8191
8191
8191
8191
8191
8191
8191
8191
8191
8191
8191
8191
8191
8191
8191
441
Time: 62577
8191
8191
8191
8191
8191
8191
8191
8191
8191
8191
8191
8191
8191
8191
8191
8191
8191
8191
8191
154
Time: 63821
8191
8191
8191
8191
8191
74
Time: 64089
8191
8191
8191
8191
8191
8191
8191
8191
8191
8191
8191
8191
8191
843
Time: 64876
8191
8191
8191
8191
8191
8191
8191
8191
8191
8191
8191
8191
8191
8191
8191
8191
8191
8191
8191
8191
8191
8191
8191
8191
8191
8191
8191
8191
8191
8191
8191
8191
8191
8191
8191
8191
8191
8191
8191
8191
8191
8191
8191
8191
8191
8191
8191
851
Time: 67719
8191
8191
8191
8191
8191
8191
8191
749
Time: 68384
8191
8191
8191
8191
8191
8191
8191
8191
8191
8191
8191
8191
8191
8191
8191
8191
8191
8191
8191
8191
8191
650
Time: 69935
8191
8191
8191
8191
8191
8191
8191
136
Time: 70478
8191
8191
8191
8191
8191
8191
8191
8191
8191
8191
8191
8191
8191
8191
8191
8191
8191
555
Time: 71658
8191
8191
8191
8191
8191
8191
8191
8191
8191
8191
8191
8191
8191
8191
8191
8191
8191
8191
8191
8191
8191
8191
8191
8191
8191
8191
8191
8191
8191
8191
8191
8191
8191
8191
8191
8191
8191
8191
8191
8191
8191
8191
8191
8191
8191
8191
8191
8191
8191
8191
8191
8191
8191
8191
8191
645
Time: 75159
8191
8191
8191
8191
8191
8191
8191
8191
8191
8191
8191
8191
8191
8191
8191
8191
8191
8191
8191
334
Time: 76276
8191
8191
1251
Time: 76439
8191
8191
8191
468
Time: 76602
8191
8191
8191
8191
8191
8191
8191
8191
665
Time: 77037
8191
550
Time: 77119
8191
8191
8191
8191
8191
697
Time: 77587
8191
8191
8191
8191
8191
8191
8191
8191
8191
8191
8191
8191
8191
8191
8191
647
Time: 78601
8191
8191
8191
8191
8191
8191
8191
8191
8191
8191
8191
8191
8191
8191
8191
8191
800
Time: 79539
8191
8191
8191
8191
8191
8191
8191
8191
8191
8191
8191
8191
8191
8191
8191
8191
8191
8191
8191
8191
8191
8191
8191
8191
8191
8191
8191
8191
8191
8191
8191
8191
8191
8191
8191
8191
8191
8191
8191
8191
8191
8191
8191
8191
8191
8191
8191
8191
8191
8191
8191
8191
8191
8191
8191
8191
8191
8191
8191
8191
8191
8191
8191
8191
8191
1236
Time: 83314
8191
8191
8191
8191
8191
8191
8191
8191
8191
8191
8191
8191
8191
8191
8191
8191
8191
8191
8191
8191
8191
8191
8191
8191
8191
8191
8191
8191
8191
8191
8191
8191
8191
8191
8191
8191
8191
8191
381
Time: 85819
8191
8191
8191
8191
8191
8191
8191
8191
797
Time: 86496
8191
8191
8191
8191
8191
8191
8191
8191
8191
8191
8191
8191
677
Time: 87369
8191
8191
8191
8191
8191
8191
8191
8191
8191
8191
8191
8191
866
Time: 88244
8191
8191
8191
8191
8191
8191
8191
8191
8191
8191
8191
8191
8191
8191
8191
8191
8191
8191
8191
8191
8191
8191
8191
341
Time: 89697
8191
8191
8191
8191
8191
8191
8191
8191
8191
596
Time: 90339
8191
960
Time: 90444
8191
990
Time: 90589
8191
1117
Time: 90711
8191
8191
8191
8191
8191
8191
8191
8191
8191
8191
8191
8191
8191
8191
8191
8191
8191
8191
564
Time: 91730
8191
8191
8191
8191
8191
8191
8191
8191
8191
8191
704
Time: 92478
8191
8191
8191
8191
8191
8191
8191
8191
8191
8191
8191
8191
8191
8191
8191
8191
8191
8191
8191
8191
8191
8191
8191
8191
1000
Time: 93988
8191
8191
8191
8191
8191
8191
8191
8191
8191
1102
Time: 94476
8191
8191
8191
8191
8191
8191
8191
8191
8191
8191
8191
8191
8191
8191
584
Time: 95322
8191
8191
8191
8191
8191
8191
812
Time: 95646
8191
8191
8191
8191
8191
8191
8191
8191
8191
8191
8191
8191
1113
Time: 96278
8191
8191
8191
8191
8191
8191
8191
8191
8191
8191
8191
8191
8191
8191
8191
8191
8191
8191
8191
8191
767
Time: 97547
8191
8191
8191
8191
8191
8191
8191
8191
8191
8191
8191
8191
8191
8191
8191
490
Time: 98283
8191
8191
8191
8191
8191
8191
8191
8191
8191
8191
789
Time: 99047
8191
8191
8191
8191
8191
920
Time: 99486
8191
8191
8191
8191
8191
8191
8191
8191
8191
8191
8191
8191
8191
8191
284
Time: 100563
8191
8191
8191
8191
8191
8191
8191
8191
8191
8191
8191
798
Time: 101183
8191
8191
8191
8191
8191
8191
8191
8191
8191
8191
8191
8191
8191
8191
8191
8191
8191
8191
8191
8191
8191
8191
8191
8191
8191
8191
8191
8191
8191
8191
8191
8191
8191
8191
8191
8191
8191
8191
8191
8191
8191
8191
8191
8191
8191
8191
8191
8191
8191
8191
8191
8191
8191
8191
8191
8191
8191
8191
8191
8191
8191
8191
8191
8191
8191
8191
8191
8191
8191
8191
8191
8191
8191
8191
8191
8191
8191
8191
8191
8191
8191
8191
8191
8191
8191
8191
8191
8191
8191
8191
8191
8191
8191
8191
8191
8191
8191
8191
8191
8191
8191
8191
8191
8191
8191
8191
8191
8191
8191
8191
8191
8191
8191
8191
8191
8191
8191
8191
8191
8191
8191
8191
8191
8191
8191
8191
8191
8191
8191
8191
8191
8191
8191
8191
8191
8191
8191
8191
8191
8191
8191
8191
8191
8191
8191
8191
8191
8191
8191
471
Time: 110340
8191
8191
8191
8191
8191
8191
8191
1268
Time: 110942
8191
8191
8191
8191
8191
734
Time: 111352
8191
8191
8191
8191
8191
8191
8191
8191
8191
8191
8191
8191
8191
8191
8191
8191
8191
8191
8191
8191
790
Time: 112858
8191
8191
8191
8191
923
Time: 113147
8191
8191
8191
8191
886
Time: 113374
969
Time: 113437
8191
8191
981
Time: 113600
8191
8191
8191
8191
8191
8191
8191
8191
8191
8191
8191
8191
8191
8191
8191
1069
Time: 114527
8191
8191
8191
8191
8191
8191
8191
8191
8191
8191
8191
8191
8191
8191
8191
8191
8191
8191
8191
8191
8191
8191
8191
8191
8191
8191
8191
8191
751
Time: 116328
8191
8191
8191
8191
8191
8191
8191
8191
8191
8191
8191
8191
8191
8191
8191
8191
8191
8191
8191
8191
8191
8191
8191
8191
8191
8191
8191
8191
8191
8191
8191
8191
8191
8191
8191
8191
8191
8191
8191
8191
8191
8191
8191
8191
8191
8191
8191
886
Time: 119205
8191
8191
8191
8191
8191
8191
8191
8191
8191
8191
8191
8191
8191
8191
8191
8191
8191
8191
8191
8191
8191
667
Time: 120444
8191
8191
8191
8191
8191
8191
8191
8191
8191
687
Time: 121075
8191
440
Time: 121197
8191
8191
8191
8191
8191
8191
8191
8191
8191
8191
8191
8191
8191
850
Time: 122152
8191
8191
8191
8191
8191
8191
8191
8191
8191
8191
8191
8191
8191
8191
846
Time: 123079
840
Time: 123120
760
Time: 123242
8191
8191
8191
705
Time: 123491
8191
8191
8191
8191
8191
8191
8191
8191
8191
8191
8191
8191
8191
8191
8191
8191
8191
8191
8191
8191
8191
8191
8191
8191
8191
8191
8191
8191
8191
8191
8191
8191
8191
8191
8191
8191
8191
8191
8191
8191
8191
8191
8191
8191
8191
8191
8191
8191
8191
8191
8191
8191
8191
8191
8191
8191
8191
8191
8191
8191
8191
8191
8191
8191
8191
8191
8191
8191
8191
8191
8191
8191
8191
8191
8191
8191
8191
8191
8191
8191
8191
8191
8191
8191
8191
8191
8191
8191
8191
8191
8191
8191
8191
8191
8191
922
Time: 129511
8191
8191
8191
8191
8191
8191
8191
8191
8191
8191
8191
8191
8191
8191
8191
8191
8191
8191
8191
8191
8191
8191
8191
8191
8191
8191
8191
8191
8191
993
Time: 131202
8191
8191
8191
8191
8191
8191
8191
8191
8191
8191
8191
8191
8191
8191
8191
8191
8191
8191
8191
8191
8191
8191
8191
8191
851
Time: 132505
8191
8191
8191
8191
8191
8191
8191
8191
8191
8191
8191
8191
1135
Time: 133281
8191
8191
8191
8191
8191
8191
8191
8191
8191
8191
8191
8191
8191
8191
8191
8191
8191
8191
8191
8191
8191
8191
8191
8191
8191
470
Time: 134913
8191
8191
8191
8191
8191
8191
8191
8191
8191
8191
261
Time: 135735
8191
8191
8191
8191
8191
8191
8191
8191
8191
8191
8191
8191
8191
8191
8191
956
Time: 136500
8191
8191
8191
8191
8191
8191
8191
8191
8191
8191
8191
8191
8191
8191
8191
8191
8191
1112
Time: 137629
8191
8191
8191
8191
8191
8191
8191
709
Time: 138271
8191
8191
8191
8191
8191
8191
8191
8191
8191
8191
8191
8191
8191
8191
8191
8191
8191
8191
8191
8191
8191
8191
8191
8191
8191
8191
890
Time: 139984
8191
8191
8191
8191
8191
8191
8191
8191
8191
8191
8191
607
Time: 140565
8191
8191
8191
8191
8191
8191
8191
8191
8191
8191
8191
8191
8191
8191
8191
8191
8191
8191
8191
8191
8191
8191
8191
8191
8191
8191
8191
8191
8191
8191
8191
8191
8191
8191
8191
8191
8191
8191
8191
8191
8191
8191
8191
8191
8191
8191
8191
8191
8191
8191
8191
8191
8191
8191
8191
8191
8191
8191
8191
8191
8191
8191
8191
8191
8191
8191
8191
8191
8191
8191
8191
8191
8191
8191
8191
8191
8191
8191
8191
8191
8191
8191
8191
8191
8191
8191
8191
8191
8191
8191
8191
8191
8191
8191
8191
8191
8191
8191
8191
8191
8191
8191
8191
8191
8191
8191
8191
8191
8191
8191
8191
8191
8191
8191
8191
8191
8191
8191
8191
8191
883
Time: 147674
8191
8191
8191
8191
915
Time: 147917
8191
8191
8191
8191
8191
8191
8191
8191
8191
919
Time: 148451
8191
8191
8191
8191
8191
8191
8191
8191
8191
8191
8191
8191
1251
Time: 149065
8191
8191
8191
8191
8191
8191
8191
504
Time: 149702
652
Time: 149743
8191
8191
8191
8191
8191
154
Time: 150033
8191
8191
8191
8191
8191
8191
8191
8191
890
Time: 150860
8191
1059
Time: 151028
8191
8191
8191
8191
8191
8191
8191
372
Time: 151578
8191
8191
8191
8191
8191
8191
8191
8191
8191
8191
8191
8191
8191
8191
8191
8191
8191
8191
8191
939
Time: 152749
8191
8191
8191
8191
8191
8191
8191
8191
8191
1009
Time: 153472
8191
1060
Time: 153553
8191
812
Time: 153779
8191
8191
1167
Time: 153902
8191
8191
8191
8191
8191
8191
8191
8191
8191
8191
8191
8191
8191
8191
513
Time: 154638
8191
8191
8191
8191
8191
909
Time: 155106
8191
8191
8191
8191
8191
632
Time: 155373
8191
8191
8191
8191
8191
8191
8191
8191
8191
8191
8191
8191
8191
8191
8191
8191
8191
8191
8191
8191
8191
8191
8191
8191
8191
8191
8191
8191
8191
8191
8191
8191
8191
8191
8191
8191
8191
8191
8191
8191
8191
8191
8191
8191
8191
8191
8191
8191
8191
8191
8191
8191
8191
8191
8191
8191
8191
8191
8191
1030
Time: 159090
8191
700
Time: 159171
8191
8191
8191
8191
8191
8191
8191
8191
8191
8191
8191
8191
8191
8191
8191
8191
8191
8191
8191
8191
8191
8191
8191
8191
8191
8191
8191
8191
958
Time: 161093
843
Time: 161134
8191
8191
8191
8191
8191
8191
8191
474
Time: 161569
8191
8191
8191
8191
8191
8191
8191
8191
8191
8191
8191
8191
566
Time: 162484
8191
8191
8191
8191
8191
8191
8191
8191
8191
8191
8191
8191
8191
8191
8191
8191
8191
8191
8191
8191
8191
8191
8191
8191
8191
8191
8191
8191
8191
8191
8191
8191
8191
8191
8191
8191
8191
8191
8191
8191
8191
8191
8191
8191
8191
8191
8191
8191
8191
625
Time: 165206
8191
8191
8191
8191
8191
8191
8191
8191
8191
8191
8191
8191
8191
8191
8191
8191
8191
8191
8191
8191
8191
649
Time: 166491
8191
8191
8191
8191
8191
8191
908
Time: 166966
8191
8191
8191
8191
704
Time: 167256
8191
8191
8191
8191
8191
8191
8191
8191
8191
849
Time: 168037
8191
8191
8191
8191
8191
8191
8191
8191
8191
8191
967
Time: 168651
8191
8191
8191
8191
8191
8191
8191
8191
8191
8191
8191
690
Time: 169375
8191
8191
8191
8191
8191
8191
8191
8191
1152
Time: 169873
8191
8191
8191
8191
8191
8191
8191
8191
8191
8191
8191
8191
8191
8191
8191
409
Time: 170679
8191
8191
8191
8191
8191
8191
8191
8191
8191
8191
8191
8191
8191
8191
8191
8191
8191
8191
8191
8191
8191
8191
8191
8191
8191
8191
8191
8191
8191
8191
8191
8191
8191
8191
8191
947
Time: 172845
8191
8191
8191
8191
8191
8191
8191
8191
8191
8191
8191
8191
8191
8191
8191
8191
8191
8191
8191
8191
8191
8191
8191
8191
8191
8191
8191
8191
8191
8191
966
Time: 174738
8191
8191
8191
8191
8191
8191
483
Time: 175109
8191
8191
8191
8191
8191
8191
8191
8191
633
Time: 175815
8191
8191
8191
8191
8191
8191
8191
8191
8191
878
Time: 176303
1048
Time: 176344
8191
8191
8191
8191
692
Time: 176691
885
Time: 176732
8191
8191
1039
Time: 176923
8191
8191
8191
8191
8191
1096
Time: 177323
8191
8191
8191
8191
8191
8191
8191
8191
8191
8191
8191
8191
8191
8191
8191
8191
8191
8191
8191
8191
8191
8191
8191
8191
8191
8191
8191
8191
8191
8191
8191
8191
8191
8191
8191
8191
8191
8191
8191
8191
8191
8191
8191
8191
8191
8191
8191
8191
8191
8191
8191
8191
8191
8191
8191
8191
8191
8191
8191
8191
8191
8191
8191
8191
8191
8191
8191
8191
896
Time: 180891
8191
8191
8191
8191
8191
8191
8191
8191
691
Time: 181547
8191
8191
8191
418
Time: 181854
8191
8191
8191
8191
8191
8191
8191
8191
8191
8191
8191
8191
8191
8191
8191
1226
Time: 182907
8191
8191
8191
8191
8191
8191
8191
8191
8191
8191
8191
8191
8191
8191
8191
8191
8191
8191
8191
8191
8191
8191
8191
8191
8191
8191
8191
8191
8191
8191
8191
8191
8191
8191
8191
8191
8191
8191
8191
8191
8191
8191
8191
8191
8191
8191
8191
8191
8191
8191
8191
8191
8191
8191
8191
8191
8191
8191
8191
8191
8191
8191
8191
8191
8191
8191
8191
8191
8191
8191
8191
1093
Time: 187439
8191
8191
8191
8191
994
Time: 187687
8191
8191
8191
8191
8191
8191
8191
8191
8191
8191
8191
8191
8191
8191
1060
Time: 188516
8191
8191
8191
8191
8191
8191
8191
8191
8191
8191
825
Time: 189119
8191
8191
8191
848
Time: 189374
8191
8191
8191
8191
8191
8191
8191
8191
8191
8191
8191
8191
8191
8191
8191
8191
8191
8191
8191
8191
8191
8191
8191
8191
8191
8191
8191
8191
8191
8191
8191
712
Time: 190996
8191
8191
8191
8191
8191
8191
8191
8191
8191
8191
8191
8191
8191
8191
8191
8191
8191
8191
8191
8191
8191
8191
8191
8191
8191
8191
8191
8191
8191
8191
8191
8191
8191
8191
8191
8191
8191
8191
8191
8191
445
Time: 193404
8191
8191
8191
8191
1034
Time: 193672
8191
872
Time: 193857
8191
8191
8191
8191
8191
8191
8191
8191
8191
8191
8191
8191
883
Time: 194511
8191
8191
8191
8191
8191
8191
8191
8191
8191
8191
8191
8191
8191
8191
8191
8191
8191
8191
793
Time: 195630
8191
8191
8191
8191
8191
8191
8191
8191
8191
8191
8191
8191
8191
8191
8191
8191
8191
8191
8191
8191
8191
8191
8191
8191
8191
478
Time: 197383
8191
8191
8191
8191
8191
8191
8191
8191
8191
8191
8191
8191
8191
8191
8191
8191
8191
8191
8191
8191
8191
8191
8191
8191
8191
8191
8191
8191
8191
8191
8191
8191
8191
8191
8191
548
Time: 199715
8191
8191
8191
8191
8191
8191
8191
1055
Time: 200121
8191
8191
8191
8191
8191
8191
8191
8191
8191
8191
8191
8191
8191
8191
8191
8191
442
Time: 201227
8191
8191
8191
8191
8191
8191
8191
811
Time: 201758
8191
8191
8191
8191
8191
8191
8191
8191
8191
8191
8191
8191
8191
8191
8191
8191
8191
8191
8191
8191
8191
8191
8191
8191
8191
8191
8191
8191
8191
8191
8191
8191
8191
8191
8191
8191
8191
8191
8191
8191
8191
8191
8191
8191
8191
821
Time: 204537
8191
8191
8191
8191
8191
8191
8191
8191
8191
8191
8191
8191
8191
8191
8191
8191
8191
8191
8191
8191
8191
8191
8191
8191
8191
8191
8191
8191
8191
8191
8191
784
Time: 206380
8191
8191
8191
8191
8191
8191
8191
8191
8191
8191
8191
8191
8191
8191
8191
8191
8191
690
Time: 207629
8191
8191
8191
8191
8191
8191
8191
8191
8191
8191
8191
8191
8191
8191
393
Time: 208516
8191
8191
8191
8191
8191
8191
8191
8191
8191
8191
8191
8191
8191
8191
8191
8191
8191
8191
547
Time: 209495
8191
8191
8191
8191
8191
8191
8191
8191
8191
8191
771
Time: 210189
822
Time: 210231
8191
8191
8191
8191
8191
8191
8191
8191
8191
8191
8191
8191
8191
8191
8191
8191
8191
8191
8191
8191
8191
462
Time: 211470
8191
8191
8191
8191
8191
8191
8191
8191
8191
8191
8191
8191
8191
8191
8191
8191
8191
8191
8191
8191
8191
8191
8191
8191
8191
711
Time: 212854
8191
8191
8191
8191
8191
8191
8191
980
Time: 213410
8191
8191
8191
8191
8191
8191
8191
8191
8191
8191
8191
8191
8191
8191
8191
8191
8191
8191
8191
8191
6
Time: 214650
8191
8191
8191
735
Time: 214813
8191
703
Time: 214918
8191
8191
8191
8191
8191
8191
8191
8191
8191
8191
8191
8191
8191
8191
8191
8191
8191
8191
730
Time: 215822
8191
8191
8191
8191
546
Time: 216089
8191
8191
8191
8191
8191
8191
8191
8191
722
Time: 216478
8191
8191
8191
8191
8191
8191
8191
879
Time: 216907
8191
8191
8191
8191
8191
8191
8191
8191
8191
678
Time: 217653
8191
8191
8191
8191
8191
8191
8191
528
Time: 218088
8191
8191
8191
8191
8191
8191
8191
8191
8191
8191
8191
8191
876
Time: 218766
8191
8191
8191
8191
8191
8191
8191
8191
8191
8191
8191
8191
8191
8191
451
Time: 219623
8191
8191
8191
8191
8191
8191
8191
8191
8191
8191
8191
8191
8191
8191
8191
8191
8191
8191
8191
8191
8191
8191
8191
8191
8191
8191
8191
8191
8191
8191
8191
8191
8191
8191
8191
8191
8191
8191
8191
8191
8191
8191
8191
8191
8191
8191
8191
8191
8191
8191
667
Time: 222967
8191
8191
8191
8191
8191
8191
8191
8191
8191
8191
8191
8191
8191
8191
8191
8191
558
Time: 223895
8191
8191
8191
8191
8191
8191
453
Time: 224318
8191
8191
8191
8191
8191
8191
8191
8191
8191
8191
8191
8191
8191
8191
8191
8191
8191
8191
8191
8191
8191
8191
8191
8191
8191
8191
240
Time: 225922
8191
8191
8191
8191
8191
8191
8191
8191
8191
8191
8191
8191
8191
8191
8191
8191
8191
8191
8191
8191
8191
8191
8191
8191
8191
8191
8191
8191
8191
8191
8191
8191
865
Time: 228137
8191
8191
8191
8191
8191
8191
8191
8191
8191
8191
8191
8191
8191
1231
Time: 229023
1171
Time: 229065
8191
8191
1138
Time: 229349
8191
8191
975
Time: 229534
8191
8191
8191
398
Time: 229847
8191
8191
8191
8191
8191
8191
8191
8191
540
Time: 230282
8191
8191
8191
8191
8191
8191
8191
8191
8191
8191
8191
8191
8191
8191
8191
8191
8191
8191
8191
8191
8191
8191
8191
8191
8191
8191
8191
8191
8191
8191
8191
8191
8191
8191
8191
8191
8191
8191
8191
8191
8191
984
Time: 232776
8191
8191
8191
8191
8191
8191
1003
Time: 233274
8191
8191
8191
8191
8191
8191
8191
8191
8191
8191
8191
8191
8191
8191
8191
8191
8191
8191
8191
8191
8191
8191
8191
8191
975
Time: 234734
8191
8191
8191
8191
8191
8191
8191
8191
8191
8191
8191
8191
8191
8191
8191
918
Time: 235833
8191
8191
8191
8191
8191
1149
Time: 236291
800
Time: 236395
8191
8191
8191
8191
8191
8191
8191
8191
8191
8191
986
Time: 237275
8191
8191
720
Time: 237420
8191
8191
8191
1036
Time: 237629
8191
8191
8191
8191
8191
8191
8191
8191
8191
8191
8191
8191
751
Time: 238330
8191
892
Time: 238452
8191
1235
Time: 238557
8191
8191
8191
8191
8191
8191
8191
8191
271
Time: 239245
8191
8191
8191
8191
8191
8191
8191
8191
8191
8191
8191
8191
8191
8191
947
Time: 240005
8191
8191
8191
8191
8191
8191
8191
8191
8191
8191
8191
8191
8191
8191
8191
8191
8191
8191
8191
8191
873
Time: 241169
8191
8191
8191
8191
8191
8191
8191
8191
8191
8191
8191
8191
8191
8191
8191
8191
8191
8191
8191
8191
8191
8191
8191
8191
8191
8191
8191
8191
8191
1109
Time: 242918
742
Time: 242959
8191
8191
8191
8191
937
Time: 243231
8191
8191
8191
8191
8191
8191
8191
8191
8191
8191
665
Time: 243833
8191
8191
8191
8191
8191
8191
8191
8191
8191
8191
8191
459
Time: 244753
8191
8191
8191
8191
8191
8191
8191
8191
8191
938
Time: 245465
8191
8191
8191
8191
8191
8191
8191
8191
8191
8191
8191
8191
8191
8191
8191
8191
8191
8191
8191
869
Time: 246824
8191
8191
8191
8191
8191
8191
8191
8191
8191
8191
8191
8191
8191
8191
8191
8191
8191
8191
8191
8191
8191
8191
8191
8191
8191
8191
8191
8191
8191
8191
8191
8191
8191
8191
1154
Time: 248984
8191
8191
8191
8191
8191
8191
8191
8191
8191
8191
8191
8191
8191
8191
8191
8191
8191
8191
8191
8191
8191
8191
8191
8191
8191
8191
8191
8191
8191
8191
8191
8191
8191
8191
8191
8191
8191
8191
638
Time: 251329
8191
8191
8191
8191
8191
8191
8191
8191
8191
8191
8191
8191
8191
8191
8191
8191
8191
8191
8191
8191
8191
842
Time: 252798
8191
8191
8191
8191
8191
8191
8191
8191
8191
8191
8191
8191
8191
8191
8191
8191
8191
8191
8191
8191
8191
8191
8191
8191
8191
8191
8191
8191
8191
8191
8191
8191
8191
8191
8191
8191
8191
8191
8191
8191
8191
8191
519
Time: 255248
8191
8191
422
Time: 255411
8191
653
Time: 255613
557
Time: 255654
586
Time: 255695
590
Time: 255736
612
Time: 255777
520
Time: 255818
8191
8191
8191
8191
8191
8191
8191
8191
8191
8191
8191
8191
8191
8191
8191
8191
8191
1123
Time: 257010
8191
8191
8191
8191
8191
8191
8191
8191
8191
8191
8191
8191
8191
8191
8191
8191
8191
8191
8191
918
Time: 258578
8191
8191
8191
8191
8191
8191
8191
8191
8191
8191
8191
8191
8191
8191
8191
8191
8191
1027
Time: 259927
8191
8191
8191
8191
8191
8191
8191
8191
8191
8191
8191
8191
8191
8191
8191
8191
8191
8191
8191
8191
8191
8191
8191
8191
8191
8191
8191
8191
8191
812
Time: 261393
8191
8191
8191
8191
8191
8191
8191
8191
8191
8191
8191
8191
8191
8191
8191
8191
8191
8191
8191
8191
8191
8191
624
Time: 262575
8191
8191
8191
8191
8191
8191
8191
8191
8191
8191
8191
8191
8191
8191
8191
8191
8191
846
Time: 263479
8191
8191
8191
8191
8191
847
Time: 263809
8191
8191
8191
8191
8191
8191
8191
8191
8191
8191
8191
8191
8191
8191
8191
8191
8191
8191
8191
8191
8191
8191
8191
8191
8191
8191
8191
8191
8191
8191
8191
8191
8191
8191
8191
8191
8191
8191
8191
8191
8191
8191
8191
8191
8191
8191
1147
Time: 266271
8191
760
Time: 266399
8191
8191
8191
8191
8191
8191
8191
8191
8191
723
Time: 267335
8191
8191
8191
8191
8191
8191
8191
8191
8191
8191
8191
8191
8191
8191
8191
880
Time: 268371
8191
908
Time: 268499
8191
8191
8191
8191
8191
8191
8191
8191
8191
8191
8191
8191
8191
8191
8191
8191
8191
8191
8191
8191
8191
8191
8191
8191
543
Time: 270218
8191
622
Time: 270300
8191
8191
8191
8191
8191
8191
8191
8191
8191
8191
8191
8191
8191
8191
8191
8191
8191
8191
8191
8191
8191
8191
8191
8191
8191
8191
8191
8191
8191
8191
8191
8191
8191
8191
8191
8191
8191
8191
8191
8191
8191
8191
8191
8191
447
Time: 273003
8191
8191
8191
8191
8191
8191
119
Time: 273357
8191
8191
8191
1206
Time: 273629
8191
8191
8191
8191
8191
8191
8191
8191
8191
8191
1068
Time: 274163
8191
8191
8191
8191
1139
Time: 274499
8191
8191
8191
8191
8191
8191
8191
8191
8191
8191
8191
8191
8191
8191
8191
8191
120
Time: 275340
8191
8191
8191
8191
1178
Time: 275566
8191
8191
8191
8191
8191
8191
8191
8191
8191
8191
8191
8191
8191
8191
1027
Time: 276290
8191
8191
8191
1124
Time: 276476
8191
883
Time: 276558
8191
722
Time: 276639
8191
8191
8191
239
Time: 276889
8191
8191
8191
8191
8191
8191
8191
8191
912
Time: 277514
8191
8191
8191
8191
8191
8191
8191
8191
8191
8191
8191
8191
854
Time: 278238
8191
8191
8191
8191
8191
8191
8191
8191
8191
8191
8191
8191
8191
8191
8191
8191
876
Time: 279436
8191
8191
8191
698
Time: 279668
8191
8191
8191
1071
Time: 279912
8191
8191
8191
8191
8191
8191
8191
8191
8191
8191
8191
8191
8191
8191
8191
824
Time: 281046
8191
8191
8191
8191
8191
592
Time: 281394
8191
8191
645
Time: 281580
8191
1036
Time: 281661
8191
8191
8191
8191
8191
8191
8191
8191
8191
8191
8191
8191
8191
8191
8191
8191
8191
8191
8191
8191
8191
8191
8191
8191
8191
8191
8191
8191
8191
8191
8191
8191
8191
8191
8191
8191
8191
8191
8191
8191
8191
8191
8191
8191
8191
8191
8191
8191
8191
8191
8191
8191
8191
8191
8191
8191
8191
8191
1118
Time: 285580
8191
8191
8191
8191
8191
8191
8191
8191
8191
8191
8191
8191
8191
8191
8191
8191
8191
8191
8191
702
Time: 287239
8191
8191
8191
8191
8191
8191
8191
8191
8191
8191
8191
8191
8191
8191
8191
8191
8191
8191
8191
8191
8191
8191
8191
8191
8191
8191
8191
8191
8191
8191
8191
8191
8191
8191
8191
8191
8191
8191
8191
8191
8191
947
Time: 289895
8191
8191
8191
8191
8191
8191
8191
8191
954
Time: 290497
8191
8191
1060
Time: 290689
8191
8191
8191
8191
8191
8191
8191
8191
8191
8191
8191
8191
8191
8191
8191
8191
8191
8191
8191
8191
8191
8191
8191
8191
8191
8191
8191
8191
8191
921
Time: 292368
8191
8191
8191
1004
Time: 292640
1015
Time: 292681
8191
8191
8191
8191
8191
1066
Time: 292966
8191
8191
8191
8191
8191
8191
8191
8191
8191
8191
8191
8191
8191
8191
8191
8191
8191
8191
8191
8191
8191
1213
Time: 294374
924
Time: 294455
8191
8191
8191
8191
1200
Time: 294722
8191
8191
1036
Time: 294931
641
Time: 294972
8191
8191
8191
8191
8191
591
Time: 295360
8191
8191
8191
8191
8191
771
Time: 295650
8191
8191
8191
8191
8191
877
Time: 295986
8191
8191
8191
8191
8191
8191
8191
8191
8191
8191
1067
Time: 296624
8191
8191
8191
8191
8191
8191
8191
8191
8191
8191
8191
8191
8191
8191
8191
8191
8191
8191
8191
8191
8191
8191
8191
8191
8191
8191
8191
8191
8191
8191
8191
8191
8191
573
Time: 299076
8191
8191
8191
8191
8191
8191
8191
8191
8191
8191
8191
8191
8191
8191
8191
8191
8191
8191
8191
8191
8191
8191
8191
8191
8191
8191
8191
8191
8191
8191
8191
607
Time: 301021
8191
8191
8191
8191
8191
8191
8191
8191
8191
8191
8191
8191
8191
8191
8191
8191
8191
8191
8191
8191
8191
8191
8191
8191
8191
8191
8191
8191
8191
8191
8191
8191
8191
8191
8191
8191
8191
8191
8191
8191
8191
8191
8191
8191
8191
8191
8191
8191
8191
8191
8191
8191
8191
8191
8191
8191
8191
8191
8191
8191
8191
8191
759
Time: 304628
8191
8191
1175
Time: 304750
8191
8191
8191
8191
8191
8191
8191
8191
8191
8191
8191
8191
8191
8191
8191
8191
978
Time: 305660
8191
8191
8191
8191
1174
Time: 306014
8191
8191
8191
8191
8191
8191
8191
8191
8191
304
Time: 306581
8191
8191
8191
8191
8191
8191
8191
8191
8191
8191
8191
8191
8191
8191
8191
8191
8191
8191
8191
8191
415
Time: 307763
8191
8191
8191
438
Time: 307972
8191
8191
8191
8191
8191
8191
8191
8191
8191
8191
8191
506
Time: 308856
8191
8191
8191
8191
8191
8191
8191
8191
8191
8191
8191
8191
8191
8191
827
Time: 309726
1072
Time: 309807
8191
8191
8191
8191
8191
8191
8191
8191
8191
8191
8191
8191
8191
8191
8191
8191
8191
8191
8191
8191
8191
8191
8191
947
Time: 311473
970
Time: 311514
8191
8191
8191
8191
8191
8191
8191
8191
8191
8191
8191
8191
8191
8191
8191
902
Time: 312532
8191
8191
8191
8191
8191
8191
8191
8191
8191
8191
511
Time: 313233
8191
8191
8191
8191
8191
8191
8191
8191
8191
8191
8191
8191
8191
8191
8191
8191
8191
8191
8191
8191
8191
8191
8191
8191
8191
8191
8191
8191
8191
8191
8191
8191
8191
8191
8191
8191
8191
8191
8191
8191
8191
8191
8191
8191
8191
8191
8191
408
Time: 316179
8191
8191
8191
8191
8191
8191
8191
8191
8191
8191
8191
8191
8191
8191
8191
8191
8191
8191
8191
8191
8191
8191
8191
8191
8191
8191
8191
8191
8191
8191
8191
8191
8191
8191


No Sent Log!
