Received Log:

[23 de nov de 2017 1:42:07 PM] ASCII:
8191
8191
8191
8191
8191
8191
8191
8191
8191
8191
8191
8191
8191
1107
Time: 258289
8191
8191
8191
8191
8191
8191
8191
8191
8191
8191
8191
8191
8191
8191
8191
8191
8191
8191
8191
8191
8191
8191
8191
8191
8191
8191
8191
8191
8191
8191
8191
8191
8191
8191
8191
8191
8191
8191
8191
8191
8191
8191
8191
8191
8191
8191
8191
8191
8191
8191
8191
340
Time: 261888
8191
8191
8191
8191
8191
8191
8191
8191
8191
8191
8191
8191
8191
8191
8191
8191
8191
8191
8191
8191
8191
680
Time: 263087
8191
8191
8191
8191
8191
8191
8191
8191
8191
8191
8191
8191
8191
8191
8191
8191
8191
8191
8191
8191
8191
8191
8191
8191
8191
814
Time: 264546
8191
8191
8191
1101
Time: 264818
8191
8191
8191
8191
8191
8191
8191
8191
8191
8191
8191
8191
8191
300
Time: 265526
8191
8191
8191
8191
8191
8191
8191
8191
8191
8191
8191
8191
8191
8191
8191
8191
8191
8191
8191
8191
8191
8191
8191
8191
8191
8191
8191
8191
1126
Time: 267355
8191
8191
8191
8191
527
Time: 267708
8191
8191
8191
8191
8191
8191
8191
8191
8191
8191
8191
902
Time: 268518
8191
8191
8191
8191
8191
339
Time: 268849
8191
1054
Time: 269034
8191
8191
679
Time: 269202
8191
8191
8191
8191
8191
8191
8191
8191
8191
8191
8191
8191
8191
8191
8191
8191
8191
8191
8191
8191
8191
8191
8191
8191
8191
8191
8191
8191
8191
8191
8191
8191
8191
8191
8191
8191
8191
8191
8191
8191
8191
8191
8191
8191
8191
8191
937
Time: 271964
8191
8191
8191
8191
8191
8191
8191
8191
8191
8191
8191
8191
8191
8191
8191
8191
8191
8191
8191
8191
8191
8191
8191
8191
8191
8191
8191
8191
8191
8191
8191
8191
8191
8191
8191
8191
8191
953
Time: 274095
8191
8191
8191
8191
8191
8191
854
Time: 274425
8191
8191
797
Time: 274617
8191
8191
8191
8191
8191
8191
8191
8191
8191
8191
8191
8191
1193
Time: 275508
8191
8191
8191
8191
8191
8191
8191
8191
8191
8191
8191
8191
8191
8191
8191
8191
8191
8191
8191
8191
8191
8191
8191
8191
8191
8191
8191
8191
8191
8191
8191
8191
8191
8191
8191
8191
8191
8191
8191
8191
8191
8191
8191
1015
Time: 278022
8191
8191
8191
8191
8191
8191
8191
8191
8191
8191
8191
8191
8191
8191
8191
8191
8191
8191
8191
8191
8191
8191
8191
8191
8191
8191
8191
8191
8191
8191
931
Time: 279863
8191
723
Time: 279945
8191
8191
8191
552
Time: 280211
8191
8191
8191
8191
8191
8191
8191
8191
8191
8191
425
Time: 280808
8191
8191
8191
8191
8191
8191
8191
8191
8191
8191
8191
8191
8191
8191
8191
8191
8191
8191
8191
8191
8191
8191
8191
8191
8191
8191
8191
8191
8191
8191
8191
8191
8191
8191
905
Time: 282874
8191
8191
8191
8191
8191
8191
8191
8191
8191
8191
8191
8191
8191
8191
8191
8191
8191
8191
8191
8191
8191
8191
8191
8191
8191
8191
8191
8191
8191
8191
8191
8191
8191
8191
8191
8191
8191
8191
8191
8191
8191
8191
949
Time: 285106
8191
8191
8191
8191
8191
8191
8191
8191
8191
8191
8191
8191
8191
8191
372
Time: 286061
564
Time: 286102
8191
8191
8191
8191
8191
8191
8191
8191
671
Time: 286636
8191
8191
8191
8191
8191
8191
8191
8191
8191
8191
8191
8191
8191
8191
8191
8191
8191
8191
8191
8191
8191
8191
8191
8191
8191
8191
8191
8191
8191
829
Time: 288447
8191
8191
8191
8191
8191
8191
8191
8191
8191
8191
8191
8191
8191
8191
8191
8191
8191
8191
8191
8191
8191
8191
8191
8191
8191
8191
8191
8191
8191
729
Time: 290191
8191
8191
8191
8191
8191
8191
8191
8191
8191
928
Time: 290798
8191
8191
8191
8191
8191
8191
8191
8191
8191
8191
8191
8191
8191
8191
8191
8191
8191
8191
8191
8191
839
Time: 292015
8191
8191
963
Time: 292714
8191
8191
8191
8191
8191
622
Time: 292981
601
Time: 293045
8191
8191
8191
8191
8191
141
Time: 293352
8191
8191
8191
8191
955
Time: 293665
8191
8191
8191
8191
8191
8191
8191
8191
8191
8191
888
Time: 294383
8191
8191
8191
8191
8191
8191
8191
8191
8191
8191
739
Time: 295085
8191
8191
8191
8191
593
Time: 295397
8191
8191
8191
8191
8191
8191
8191
8191
8191
8191
8191
8191
8191
8191
1122
Time: 296370
8191
8191
8191
8191
8191
8191
8191
8191
570
Time: 296908
772
Time: 296949
8191
8191
8191
8191
8191
8191
8191
8191
8191
8191
8191
8191
8191
8191
8191
8191
8191
8191
8191
8191
8191
8191
8191
1056
Time: 298443
8191
175
Time: 298524
8191
8191
8191
8191
8191
8191
8191
8191
8191
8191
8191
8191
8191
8191
8191
8191
8191
8191
8191
8191
8191
8191
8191
8191
8191
8191
8191
8191
8191
8191
8191
8191
8191
8191
8191
8191
8191
8191
8191
8191
8191
8191
8191
8191
8191
8191
8191
8191
8191
8191
8191
8191
8191
706
Time: 301398
8191
8191
8191
8191
8191
8191
8191
855
Time: 301809
8191
8191
8191
8191
8191
8191
8191
8191
8191
832
Time: 302331
8191
8191
8191
8191
8191
8191
8191
8191
8191
8191
8191
8191
1050
Time: 303078
8191
8191
8191
8191
257
Time: 303323
8191
8191
8191
8191
8191
8191
8191
8191
8191
8191
8191
8191
8191
8191
8191
8191
8191
8191
8191
8191
8191
8191
8191
8191
8191
8191
8191
8191
8191
8191
202
Time: 305077
8191
8191
8191
8191
620
Time: 305372
8191
8191
8191
8191
8191
8191
8191
8191
8191
8191
8191
8191
8191
8191
8191
8191
8191
8191
8191
8191
8191
870
Time: 306963
8191
8191
8191
8191
8191
8191
8191
8191
8191
520
Time: 307657
389
Time: 307819
8191
8191
8191
8191
8191
8191
8191
8191
8191
8191
8191
8191
8191
8191
8191
8191
469
Time: 309017
8191
8191
8191
8191
8191
8191
8191
8191
8191
8191
777
Time: 309781
8191
8191
8191
8191
8191
8191
8191
8191
8191
8191
8191
8191
8191
8191
8191
8191
8191
8191
8191
8191
8191
8191
8191
8191
8191
8191
8191
8191
8191
8191
8191
8191
8191
8191
8191
8191
8191
8191
8191
8191
8191
8191
8191
8191
8191
8191
8191
8191
8191
665
Time: 312676
8191
8191
8191
8191
8191
8191
8191
8191
8191
8191
8191
8191
8191
8191
8191
8191
8191
8191
8191
8191
8191
8191
8191
8191
8191
8191
8191
8191
8191
8191
8191
8191
8191
427
Time: 315151
8191
8191
8191
8191
834
Time: 315463
8191
8191
8191
8191
8191
8191
8191
8191
8191
8191
8191
8191
8191
8191
8191
8191
8191
8191
8191
8191
8191
8191
8191
8191
8191
8191
8191
8191
8191
8191
8191
8191
8191
8191
8191
809
Time: 317641
8191
8191
8191
8191
8191
8191
8191
8191
8191
8191
8191
8191
8191
8191
8191
8191
8191
8191
8191
8191
8191
8191
8191
8191
8191
8191
8191
8191
8191
8191
8191
1218
Time: 319476
8191
187
Time: 319599
8191
8191
8191
8191
8191
8191
8191
8191
8191
8191
873
Time: 320196
8191
8191
8191
8191
8191
8191
8191
8191
8191
8191
8191
8191
439
Time: 320874
8191
616
Time: 321036
8191
8191
8191
8191
8191
8191
8191
8191
8191
8191
8191
8191
8191
8191
8191
8191
8191
8191
8191
8191
713
Time: 322460
8191
562
Time: 322685
586
Time: 322727
8191
658
Time: 322889
8191
8191
8191
8191
8191
8191
8191
8191
8191
8191
8191
8191
8191
8191
8191
8191
8191
8191
8191
8191
8191
8191
8191
8191
8191
8191
8191
8191
8191
8191
8191
8191
8191
8191
8191
8191
8191
8191
8191
494
Time: 325315
8191
8191
8191
8191
8191
8191
8191
8191
8191
8191
8191
8191
332
Time: 326056
8191
8191
8191
8191
8191
8191
8191
8191
8191
8191
8191
8191
8191
8191
8191
8191
8191
8191
8191
8191
8191
8191
8191
8191
8191
8191
8191
8191
8191
8191
8191
8191
8191
8191
254
Time: 328261
8191
8191
8191
8191
8191
8191
8191
8191
8191
8191
8191
8191
8191
8191
8191
8191
8191
8191
8191
8191
8191
8191
8191
8191
8191
8191
8191
8191
8191
8191
8191
8191
8191
8191
8191
8191
8191
440
Time: 330686
8191
8191
8191
8191
8191
8191
8191
8191
8191
8191
8191
8191
8191
8191
8191
8191
8191
8191
8191
8191
8191
8191
8191
8191
8191
8191
8191
8191
8191
8191
818
Time: 332573
8191
8191
8191
893
Time: 332759
8191
8191
8191
8191
8191
8191
8191
8191
8191
8191
8191
8191
8191
8191
8191
8191
8191
8191
8191
8191
8191
8191
8191
8191
8191
8191
8191
8191
8191
8191
8191
8191
8191
8191
8191
8191
8191
8191
8191
8191
8191
8191
8191
8191
8191
8191
8191
8191
8191
8191
8191
8191
8191
8191
8191
556
Time: 336087
8191
994
Time: 336278
8191
8191
8191
8191
8191
8191
8191
8191
8191
8191
8191
1120
Time: 337244
8191
8191
8191
8191
8191
8191
8191
8191
8191
8191
8191
8191
8191
8191
8191
8191
8191
8191
8191
8191
8191
8191
8191
8191
8191
8191
8191
8191
8191
8191
8191
8191
8191
8191
8191
8191
8191
8191
8191
8191
8191
8191
8191
8191
8191
8191
8191
8191
8191
8191
831
Time: 340485
8191
336
Time: 340590
8191
8191
8191
8191
8191
693
Time: 341029
8191
8191
8191
8191
8191
8191
8191
8191
8191
474
Time: 341782
8191
8191
8191
8191
812
Time: 342164
8191
8191
8191
8191
8191
8191
8191
8191
8191
8191
8191
8191
8191
8191
8191
8191
8191
8191
8191
8191
8191
8191
8191
8191
8191
8191
8191
778
Time: 343675
8191
8191
8191
8191
8191
798
Time: 343965
8191
8191
8191
8191
8191
8191
8191
8191
573
Time: 344487
8191
8191
8191
8191
8191
8191
8191
8191
8191
8191
8191
8191
8191
8191
8191
8191
8191
8191
8191
8191
8191
8191
8191
8191
8191
8191
8191
8191
8191
8191
8191
8191
8191
8191
8191
8191
8191
8191
8191
8191
8191
8191
8191
8191
8191
8191
8191
8191
8191
8191
8191
8191
8191
8191
8191
8191
8191
8191
1004
Time: 347995
8191
8191
8191
8191
8191
8191
8191
8191
8191
8191
8191
8191
8191
8191
8191
8191
8191
8191
8191
8191
8191
8191
8191
8191
8191
8191
8191
8191
8191
8191
8191
8191
8191
8191
8191
8191
8191
8191
8191
8191
8191
8191
8191
8191
8191
8191
8191
8191
8191
8191
8191
8191
8191
8191
8191
8191
8191
965
Time: 351590
8191
8191
8191
8191
620
Time: 351862
8191
8191
747
Time: 351985
8191
8191
8191
8191
8191
8191
8191
8191
8191
8191
8191
8191
8191
8191
813
Time: 352831
8191
691
Time: 353016
8191
8191
8191
8191
8191
8191
8191
8191
8191
8191
8191
8191
8191
8191
8191
8191
8191
8191
8191
8191
8191
8191
8191
8191
8191
8191
8191
8191
8191
8191
8191
8191
8191
8191
8191
8191
8191
8191
8191
8191
8191
8191
8191
8191
8191
8191
8191
8191
8191
8191
8191
8191
8191
950
Time: 356511
8191
8191
8191
8191
8191
8191
8191
8191
8191
8191
8191
8191
8191
8191
8191
8191
8191
8191
645
Time: 357636
8191
8191
479
Time: 357780
8191
8191
8191
8191
8191
8191
8191
8191
8191
8191
8191
8191
8191
8191
8191
8191
8191
8191
906
Time: 358949
8191
8191
8191
8191
8191
8191
8191
8191
8191
8191
8191
8191
8191
8191
8191
8191
8191
8191
8191
8191
8191
8191
8191
8191
1011
Time: 360328
8191
8191
8191
8191
8191
497
Time: 360733
8191
8191
8191
8191
8191
8191
8191
832
Time: 361104
8191
8191
8191
8191
8191
8191
8191
8191
8191
8191
8191
8191
8191
8191
949
Time: 362077
8191
8191
8191
8191
8191
8191
8191
8191
8191
724
Time: 362639
8191
297
Time: 362743
8191
8191
8191
8191
8191
8191
8191
8191
8191
8191
479
Time: 363346
8191
8191
8191
8191
8191
8191
8191
8191
8191
8191
8191
8191
8191
8191
8191
8191
8191
8191
8191
8191
8191
8191
8191
8191
8191
8191
8191
8191
8191
8191
8191
8191
8191
8191
8191
8191
8191
8191
8191
8191
8191
8191
313
Time: 366216
8191
8191
8191
8191
440
Time: 366442
8191
8191
8191
8191
920
Time: 366778
8191
8191
8191
8191
8191
8191
8191
8191
8191
811
Time: 367311
8191
8191
8191
8191
8191
8191
8191
8191
8191
8191
8191
8191
8191
8191
797
Time: 368157
8191
8191
8191
8191
8191
8191
8191
8191
8191
8191
8191
8191
8191
8191
8191
8191
8191
8191
8191
8191
8191
8191
8191
8191
8191
8191
8191
8191
8191
8191
8191
8191
8191
8191
1245
Time: 369931
8191
8191
8191
8191
8191
8191
8191
8191
809
Time: 370590
8191
8191
8191
8191
8191
8191
8191
8191
8191
8191
8191
1138
Time: 371292
8191
8191
8191
493
Time: 371501
8191
8191
8191
8191
8191
8191
8191
8191
8191
8191
8191
8191
8191
8191
8191
8191
8191
8191
8191
8191
8191
8191
8191
8191
8191
8191
8191
8191
382
Time: 373606
8191
8191
8191
8191
8191
8191
8191
8191
8191
8191
8191
8191
8191
8191
8191
8191
8191
8191
8191
8191
8191
726
Time: 374955
8191
8191
8191
8191
8191
8191
8191
8191
8191
8191
8191
8191
8191
8191
8191
8191
8191
754
Time: 376113
8191
8191
8191
8191
8191
8191
8191
8191
8191
8191
8191
8191
8191
8191
943
Time: 377073
8191
8191
8191
8191
8191
8191
8191
8191
607
Time: 377658
8191
8191
8191
8191
8191
8191
8191
8191
8191
8191
8191
8191
8191
8191
8191
8191
8191
8191
8191
8191
8191
8191
8191
915
Time: 378961
8191
8191
8191
8191
8191
8191
8191
8191
8191
8191
8191
8191
8191
8191
8191
8191
8191
8191
8191
8191
8191
8191
8191
8191
8191
8191
8191
8191
8191
8191
468
Time: 380544
8191
8191
8191
8191
8191
8191
8191
8191
8191
8191
8191
8191
8191
8191
8191
8191
8191
8191
8191
8191
8191
8191
784
Time: 381743
8191
1114
Time: 381848
8191
8191
8191
8191
8191
1182
Time: 382132
8191
8191
8191
8191
8191
8191
8191
374
Time: 382821
8191
8191
8191
8191
8191
8191
8191
8191
8191
431
Time: 383417
8191
8191
8191
8191
8191
662
Time: 383771
8191
8191
8191
8191
8191
8191
8191
8191
8191
8191
8191
8191
8191
8191
8191
916
Time: 384571
8191
8191
8191
8191
8191
8191
1001
Time: 384959
8191
8191
8191
8191
8191
8191
8191
8191
8191
8191
8191
8191
8191
8191
8191
8191
8191
8191
8191
8191
8191
8191
8191
8191
8191
8191
8191
8191
8191
8191
8191
8191
8191
8191
8191
8191
8191
8191
8191
8191
8191
1034
Time: 387565
866
Time: 387646
8191
8191
8191
8191
8191
8191
8191
8191
8191
8191
8191
8191
695
Time: 388416
8191
8191
8191
8191
8191
8191
8191
8191
8191
8191
8191
8191
8191
8191
8191
8191
8191
924
Time: 389735
8191
8191
8191
8191
8191
8191
8191
8191
8191
8191
8191
8191
8191
8191
8191
8191
8191
263
Time: 390800
8191
8191
8191
8191
8191
1027
Time: 391413
8191
8191
8191
8191
8191
8191
8191
8191
8191
8191
8191
8191
8191
8191
8191
8191
8191
8191
8191
8191
8191
8191
8191
8191
8191
8191
704
Time: 392820
8191
1129
Time: 392994
8191
8191
8191
8191
8191
8191
8191
8191
8191
8191
8191
8191
8191
8191
8191
8191
8191
8191
8191
765
Time: 394262
8191
806
Time: 394343
8191
8191
8191
8191
8191
8191
8191
8191
8191
8191
8191
8191
8191
8191
8191
8191
8191
8191
8191
8191
8191
8191
8191
885
Time: 395837
8191
8191
8191
8191
8191
8191
8191
8191
8191
8191
8191
8191
8191
8191
8191
8191
8191
8191
8191
8191
8191
8191
8191
8191
8191
8191
8191
8191
8191
8191
8191
8191
8191
8191
8191
8191
8191
8191
8191
8191
8191
8191
1142
Time: 398430
8191
8191
8191
591
Time: 398656
8191
8191
8191
8191
8191
8191
8191
8191
8191
8191
697
Time: 399340
8191
1043
Time: 399422
8191
8191
8191
8191
8191
8191
8191
895
Time: 399793
8191
8191
8191
8191
8191
8191
8191
8191
8191
8191
8191
8191
8191
8191
8191
8191
8191
8191
8191
8191
8191
8191
8191
8191
8191
8191
8191
8191
8191
8191
8191
8191
8191
8191
8191
8191
8191
8191
8191
8191
8191
8191
8191
8191
8191
8191
8191
8191
8191
8191
8191
8191
8191
8191
8191
8191
8191
8191
8191
8191
8191
8191
8191
8191
8191
8191
8191
8191
8191
8191
8191
8191
8191
8191
8191
8191
8191
8191
8191
8191
8191
8191
8191
8191
8191
8191
8191
8191
8191
8191
8191
8191
8191
8191
8191
8191
8191
8191
8191
8191
394
Time: 406590
8191
8191
8191
8191
8191
842
Time: 407197
8191
8191
8191
8191
8191
8191
8191
8191
8191
8191
8191
8191
8191
8191
8191
8191
8191
8191
8191
8191
8191
8191
8191
8191
8191
8191
8191
8191
8191
8191
8191
8191
8191
8191
8191
8191
8191
8191
8191
8191
8191
8191
452
Time: 409820
8191
8191
8191
8191
8191
8191
8191
8191
8191
8191
8191
8191
8191
8191
8191
8191
8191
8191
8191
8191
8191
144
Time: 411087
8191
8191
8191
8191
8191
8191
8191
8191
8191
8191
8191
8191
8191
8191
8191
8191
8191
8191
8191
8191
8191
8191
8191
8191
8191
8191
8191
8191
8191
8191
8191
8191
8191
8191
8191
8191
8191
8191
8191
8191
8191
8191
8191
450
Time: 414298
8191
8191
8191
8191
8191
8191
8191
8191
8191
8191
644
Time: 414814
8191
8191
8191
8191
8191
8191
8191
8191
8191
8191
8191
8191
8191
8191
8191
8191
1180
Time: 415960
8191
8191
8191
8191
8191
8191
8191
8191
8191
8191
312
Time: 416522
8191
8191
8191
8191
8191
8191
8191
8191
8191
8191
8191
8191
8191
8191
8191
8191
8191
8191
8191
8191
8191
403
Time: 417789
8191
8191
8191
8191
8191
8191
8191
8191
8191
8191
8191
8191
8191
8191
8191
8191
8191
8191
8191
677
Time: 419322
73
Time: 419363
8191
8191
8191
8191
8191
8191
8191
8191
8191
8191
8191
720
Time: 420150
677
Time: 420192
531
Time: 420273
563
Time: 420314
8191
8191
8191
8191
8191
8191
8191
8191
8191
8191
8191
8191
8191
8191
8191
8191
8191
8191
8191
8191
8191
8191
8191
8191
8191
8191
8191
8191
8191
8191
8191
8191
8191
8191
8191
513
Time: 422704
8191
8191
8191
8191
8191
8191
8191
656
Time: 423052
8191
8191
8191
8191
8191
8191
8191
8191
8191
8191
8191
8191
8191
8191
8191
8191
8191
8191
8191
8191
8191
8191
8191
8191
8191
8191
8191
8191
8191
8191
421
Time: 425187
8191
8191
8191
8191
8191
723
Time: 425638
8191
8191
8191
8191
8191
8191
8191
8191
8191
8191
8191
8191
8191
8191
8191
8191
8191
8191
8191
8191
8191
8191
8191
8191
8191
8191
8191
8191
8191
8191
8191
8191
8191
8191
8191
8191
8191
960
Time: 427948
8191
8191
8191
8191
8191
8191
8191
561
Time: 428440
8191
8191
8191
8191
8191
8191
8191
840
Time: 428915
994
Time: 428956
8191
8191
8191
8191
8191
8191
8191
8191
8191
8191
8191
8191
8191
8191
8191
1033
Time: 429894
8191
8191
8191
8191
8191
8191
8191
8191
8191
8191
8191
8191
601
Time: 430664
8191
8191
8191
8191
8191
8191
8191
8191
8191
8191
620
Time: 431244
8191
8191
8191
8191
8191
8191
8191
8191
8191
8191
8191
8191
8191
8191
8191
8191
8191
8191
8191
898
Time: 432252
8191
8191
8191
8191
8191
8191
8191
8191
763
Time: 432745
8191
8191
8191
974
Time: 433035
8191
8191
465
Time: 433179
8191
8191
8191
8191
8191
8191
8191
8191
8191
8191
8191
8191
8191
8191
8191
8191
8191
8191
8191
8191
8191
8191
8191
8191
8191
8191
8191
8191
8191
8191
8191
8191
8191
8191
8191
8191
672
Time: 435184
8191
8191
8191
222
Time: 435468
8191
8191
8191
8191
8191
8191
8191
8191
8191
8191
8191
8191
8191
8191
8191
8191
8191
8191
8191
8191
8191
8191
8191
8191
8191
8191
8191
8191
8191
8191
8191
8191
8191
8191
8191
8191
8191
8191
8191
657
Time: 437842
8191
8191
622
Time: 437964
8191
8191
8191
8191
8191
8191
8191
8191
8191
8191
8191
8191
8191
8191
8191
8191
8191
8191
8191
8191
8191
822
Time: 439186
8191
8191
8191
8191
8191
8191
8191
8191
8191
8191
8191
8191
8191
8191
8191
8191
8191
8191
8191
8191
8191
8191
8191
8191
8191
8191
8191
8191
8191
8191
8191
8191
8191
8191
8191
8191
8191
8191
8191
8191
808
Time: 442160
8191
8191
8191
8191
1008
Time: 442386
8191
8191
8191
8191
8191
8191
8191
8191
8191
8191
8191
8191
8191
8191
8191
8191
8191
8191
8191
8191
8191
8191
8191
8191
8191
8191
8191
533
Time: 444099
8191
8191
8191
8191
8191
8191
8191
8191
8191
824
Time: 444846
821
Time: 444933
8191
8191
8191
8191
8191
8191
8191
8191
8191
8191
8191
8191
8191
8191
8191
8191
8191
8191
8191
8191
8191
8191
8191
8191
8191
8191
8191
8191
8191
8191
855
Time: 446618
8191
8191
804
Time: 446781
670
Time: 446903
820
Time: 446944
591
Time: 446985
600
Time: 447107
634
Time: 447148
524
Time: 447188
8191
8191
345
Time: 447350
8191
8191
8191
8191
8191
8191
8191
679
Time: 447843
8191
8191
8191
926
Time: 448069
8191
8191
8191
8191
358
Time: 448336
8191
8191
8191
8191
8191
864
Time: 448650
8191
8191
8191
8191
8191
8191
8191
8191
8191
8191
8191
8191
8191
8191
8191
8191
8191
8191
8191
8191
8191
8191
8191
8191
8191
8191
8191
8191
8191
8191
8191
8191
8191
8191
8191
8191
8191
8191
8191
8191
8191
8191
8191
8191
8191
8191
8191
8191
982
Time: 451699
8191
8191
8191
8191
762
Time: 452035
8191
747
Time: 452117
916
Time: 452239
802
Time: 452280
8191
8191
8191
8191
979
Time: 452604
8191
8191
8191
8191
8191
8191
8191
8191
8191
8191
8191
8191
8191
8191
8191
8191
8191
8191
8191
8191
8191
8191
8191
8191
8191
8191
8191
8191
8191
8191
8191
751
Time: 454728
8191
329
Time: 454851
8191
8191
8191
8191
8191
8191
8191
8191
8191
8191
8191
8191
8191
8191
8191
8191
8191
8191
8191
8191
8191
594
Time: 456154
8191
8191
1192
Time: 456322
8191
8191
8191
8191
8191
8191
8191
8191
8191
8191
8191
8191
8191
8191
8191
8191
8191
797
Time: 457526
8191
8191
8191
8191
8191
8191
8191
8191
8191
8191
8191
8191
8191
8191
8191
8191
8191
8191
8191
8191
8191
8191
8191
920
Time: 459232
8191
8191
8191
8191
8191
1044
Time: 459476
8191
8191
8191
8191
916
Time: 459847
8191
1119
Time: 459952
8191
738
Time: 460073
916
Time: 460154
8191
8191
8191
8191
8191
8191
8191
8191
8191
8191
8191
8191
8191
8191
8191
8191
8191
8191
8191
8191
8191
8191
8191
8191
8191
8191
8191
8191
8191
8191
8191
8191
8191
8191
8191
8191
8191
8191
8191
8191
8191
8191
8191
8191
8191
8191
8191
8191
8191
8191
8191
1014
Time: 463401
8191
8191
8191
8191
8191
8191
8191
8191
8191
8191
8191
550
Time: 464091
8191
8191
8191
8191
8191
8191
8191
8191
557
Time: 464698
8191
8191
978
Time: 464907
8191
8191
8191
8191
8191
8191
8191
8191
8191
8191
8191
8191
8191
8191
8191
8191
8191
8191
8191
8191
8191
8191
8191
8191
8191
8191
8191
8191
8191
8191
8191
8191
8191
8191
8191
8191
8191
8191
8191
8191
8191
8191
940
Time: 467741
8191
8191
8191


No Sent Log!
